"timeStep","repNb","resource1amountMean","resource1amountICinf","resource1amountICsup","resource2amountMean","resource2amountICinf","resource2amountICsup","prey1PopulationSizeMean","prey1PopulationSizeICinf","prey1PopulationSizeICsup","prey2PopulationSizeMean","prey2PopulationSizeICinf","prey2PopulationSizeICsup","prey1catchesMean","prey1catchesICinf","prey1catchesICsup","prey2catchesMean","prey2catchesICinf","prey2catchesICsup","predator1PopulationSizeMean","predator1PopulationSizeICinf","predator1PopulationSizeICsup","prey1growthRateMean","prey1growthRateICinf","prey1growthRateICsup","prey2growthRateMean","prey2growthRateICinf","prey2growthRateICsup","predatorGrowthRateMean","predatorGrowthRateICinf","predatorGrowthRateICsup","prey1catchRateMean","prey1catchRateICinf","prey1catchRateICsup","prey2catchRateMean","prey2catchRateICinf","prey2catchRateICsup"
0,30,250000,250000,250000,250000,250000,250000,0,0,0,4000,4000,4000,0,0,0,0,0,0,300,300,300,0,0,0,0,0,0,0,0,0,0,0,0,0,0,0
10,30,250000,250000,250000,67822,67532.7666666667,68128.6333333333,0,0,0,2780.9,2769.26666666667,2791.36666666667,0,0,0,652.3,644.9,658.4,202.566666666667,200.1,204.966666666667,0,0,0,-0.304775,-0.307616666666667,-0.302158333333333,-0.324777777777778,-0.333666666666667,-0.316666666666667,0,0,0,0.01756138620722,0.0173414223902835,0.0177672667130746
20,30,250000,250000,250000,118301.233333333,117691.1,118869.3,0,0,0,2611.33333333333,2597.26666666667,2625.3,0,0,0,320.166666666667,315.766666666667,324.7,148.233333333333,145.666666666667,150.966666666667,0,0,0,-0.0609864225056818,-0.0640429784601761,-0.057553296519313,-0.267956279985052,-0.280099941214131,-0.255312521443167,0,0,0,0.0121409975331673,0.0119281395734133,0.0123561702557789
30,30,250000,250000,250000,125057.366666667,124251.233333333,125830.333333333,0,0,0,2908.9,2891.4,2926.3,0,0,0,233.866666666667,227.233333333333,239.7,112.033333333333,109.7,114.466666666667,0,0,0,0.114044682105105,0.108181475552944,0.119835248724053,-0.243695156371954,-0.255833702770935,-0.230702196091885,0,0,0,0.00933124815242385,0.00912966076309693,0.00952391000871585
40,30,250000,250000,250000,109525.533333333,108603.2,110479.6,0,0,0,3360.23333333333,3336.13333333333,3386.46666666667,0,0,0,186.866666666667,180.733333333333,194.033333333333,99.3,96.4333333333333,101.966666666667,0,0,0,0.155105793373373,0.151501658505592,0.158380898593682,-0.113643602622393,-0.129548000307412,-0.097340170379813,0,0,0,0.00661759738586779,0.006439282485233,0.00677416411740237
50,30,250000,250000,250000,88683.6333333333,87420.1333333333,89947,0,0,0,3775.73333333333,3745.8,3806.23333333333,0,0,0,188.366666666667,181.133333333333,195.6,88.5333333333333,85.4333333333333,91.4666666666667,0,0,0,0.123689484618934,0.119279195038239,0.127518882175861,-0.107966680551246,-0.130696310174734,-0.0891407393656743,0,0,0,0.00575613460171258,0.0056044219483413,0.00590406074898296
60,30,250000,250000,250000,70669.9,69328.6333333333,71960.2666666667,0,0,0,4214.36666666667,4182.86666666667,4244.93333333333,0,0,0,185.6,178.9,192.2,89.6333333333333,86.2333333333333,93.1666666666667,0,0,0,0.11627040698359,0.111611993474799,0.120953714161929,0.0132445224995113,-0.00746477795732391,0.0359704663604401,0,0,0,0.00502938062093179,0.00491111417886482,0.00515490979839015
70,30,250000,250000,250000,53892.6333333333,52674.5333333333,55134.6333333333,0,0,0,4606.43333333333,4571.6,4639.03333333333,0,0,0,198.366666666667,189.066666666667,208.166666666667,91.5333333333333,87.5666666666667,95.5333333333333,0,0,0,0.0931382357254464,0.0884018892282168,0.0978170564992982,0.0222268658092183,-0.00193973459497778,0.0462282740817117,0,0,0,0.00481332473456901,0.00467357619136346,0.00495661720881027
80,30,250000,250000,250000,40426.2666666667,39287.9666666667,41548.1666666667,0,0,0,4907.1,4877.03333333333,4935.26666666667,0,0,0,217.8,208.733333333333,227.666666666667,95.6333333333333,91.7333333333333,99.4,0,0,0,0.0654636079339038,0.060206887616808,0.0706360012484607,0.045728779779267,0.0295774994252724,0.0622707306474607,0,0,0,0.00483618604001567,0.00470482361655922,0.00496126465204822
90,30,250000,250000,250000,31514.0333333333,30665.8666666667,32396.5666666667,0,0,0,5118.46666666667,5092.86666666667,5141.03333333333,0,0,0,220.266666666667,210.066666666667,230.233333333333,108.833333333333,105.233333333333,112.8,0,0,0,0.0432344873356592,0.0374230556987034,0.0492327650867117,0.142788030442145,0.115647342501886,0.172226042880855,0,0,0,0.00458566529773669,0.00442485619386004,0.00472675376228888
100,30,250000,250000,250000,26523.8333333333,25703.4666666667,27411.4666666667,0,0,0,5183.3,5152.8,5212.96666666667,0,0,0,272.166666666667,263.133333333333,281.233333333333,119.433333333333,115.666666666667,123.2,0,0,0,0.0126957060190065,0.00883899106002883,0.0165403734525716,0.099430364949323,0.0796480978334743,0.119990884942652,0,0,0,0.00545060153954618,0.00532388958181507,0.00557810587194156
110,30,250000,250000,250000,24802.1,23970.7666666667,25548.4333333333,0,0,0,5183.3,5166.4,5200.33333333333,0,0,0,298.8,288.9,308.666666666667,131.1,127.333333333333,135.233333333333,0,0,0,0.000179267283216642,-0.00470869002247917,0.00525810828856888,0.0993414218341257,0.0831173123499043,0.116970154032495,0,0,0,0.00592036400630119,0.00578110922374773,0.00605593475677648
120,30,250000,250000,250000,24750.4333333333,24158.1,25364.8333333333,0,0,0,5198.83333333333,5172.93333333333,5220,0,0,0,326.166666666667,314.633333333333,337.266666666667,143.666666666667,138.866666666667,148.833333333333,0,0,0,0.00302076656835938,-0.00136873754271206,0.007076230870753,0.0955328370213494,0.0778178266710249,0.112005914213439,0,0,0,0.00647410775195365,0.00632977011776622,0.0066453635707326
130,30,250000,250000,250000,24863.1,24208.2,25571,0,0,0,5193.66666666667,5170.46666666667,5215,0,0,0,347.866666666667,335.933333333333,359.2,159.1,154.1,164.3,0,0,0,-0.000906163977343969,-0.00531326018070772,0.00377959540507083,0.109860500634379,0.0908636477246873,0.127435559699099,0,0,0,0.00689875551729635,0.00674348279967233,0.00706766731261249
140,30,250000,250000,250000,25117.1333333333,24464.3666666667,25900.2,0,0,0,5143.1,5119.3,5166.26666666667,0,0,0,394.7,381,408.6,178,172.366666666667,184.766666666667,0,0,0,-0.00964875703494369,-0.0144025141820018,-0.00509919447777444,0.119598005288815,0.101835094051422,0.136602398802214,0,0,0,0.00786929891668537,0.00769193427947593,0.00803980212722798
150,30,250000,250000,250000,26740.1666666667,26085.1333333333,27398.6333333333,0,0,0,5079.13333333333,5056.6,5101.1,0,0,0,437.9,423.233333333333,453.533333333333,195.5,189.066666666667,202.133333333333,0,0,0,-0.0123674953720817,-0.0163344436633232,-0.00863054267259905,0.0991642733133417,0.0810557044130094,0.117527680788169,0,0,0,0.00885137236545026,0.00866006241417635,0.00903639853480292
160,30,250000,250000,250000,28751.8333333333,27985.8666666667,29496.6666666667,0,0,0,5033.3,5005.1,5060.53333333333,0,0,0,472.566666666667,456.133333333333,491.6,214.866666666667,208.166666666667,222.366666666667,0,0,0,-0.00899239626411279,-0.013060814821406,-0.00472157580893323,0.10029117910909,0.0857528716185135,0.115641786063665,0,0,0,0.00971080544855537,0.00949090808768414,0.00993650558711695
170,30,250000,250000,250000,30428.6333333333,29328.8333333333,31433.4666666667,0,0,0,4961.96666666667,4929.7,4992.53333333333,0,0,0,518,500.866666666667,536.066666666667,232.733333333333,225.3,240.066666666667,0,0,0,-0.014125405583372,-0.0189724063678853,-0.00987511871621893,0.0843355659500898,0.0702696491690876,0.0985843373493594,0,0,0,0.0107885687687716,0.0105494762906512,0.0110092286911214
180,30,250000,250000,250000,32676.8333333333,31716.7666666667,33782.4,0,0,0,4912.93333333333,4883.13333333333,4945.73333333333,0,0,0,541.3,524.1,558.5,252.833333333333,245.566666666667,260.733333333333,0,0,0,-0.00984000890948714,-0.0134843772154029,-0.00592809551479836,0.0872088459942924,0.0733011934395417,0.100877125548057,0,0,0,0.0114652920901642,0.0112122680475639,0.0117275111455371
190,30,250000,250000,250000,34809.4333333333,33629.4,36179.6,0,0,0,4817.8,4782.86666666667,4850.83333333333,0,0,0,598.666666666667,579.466666666667,615.666666666667,272.6,265.233333333333,280.633333333333,0,0,0,-0.0193511327391108,-0.0233099162008064,-0.0155153005421595,0.0796638576860285,0.064946229624165,0.0946138990853776,0,0,0,0.0128787891154575,0.012634356129219,0.0131241795088237
200,30,250000,250000,250000,38333.9666666667,36996.9666666667,39700.8333333333,0,0,0,4741.06666666667,4701.33333333333,4778.06666666667,0,0,0,626.133333333333,611.033333333333,642.766666666667,288.6,281.866666666667,295.166666666667,0,0,0,-0.0158986697698945,-0.0204300315453432,-0.0111587679009131,0.0601366207526522,0.0468877204173603,0.0718339383794918,0,0,0,0.0137918710103032,0.0135207052043592,0.0140517903332336
210,30,250000,250000,250000,41415.0666666667,39659.4,43301.1,0,0,0,4633,4587.7,4675.93333333333,0,0,0,658.933333333333,645.033333333333,673.5,306.1,300.333333333333,311.4,0,0,0,-0.0228314766596198,-0.027405132869022,-0.0186932755974702,0.0622132720045842,0.0485730165650243,0.0757871395763876,0,0,0,0.0148108022779444,0.0145552441300579,0.0150661723105831
220,30,250000,250000,250000,45444.4,43676.6333333333,47362.5,0,0,0,4528.53333333333,4484.8,4568.2,0,0,0,681,667.9,693.366666666667,320.633333333333,313.9,327.266666666667,0,0,0,-0.0224388236516761,-0.026321131524957,-0.0180161604954244,0.0474863713057042,0.0367608917923411,0.0580426626454691,0,0,0,0.0157150736859374,0.0154634839821854,0.0159895815459312
230,30,250000,250000,250000,49482.2333333333,47777.6,51139.2,0,0,0,4438.36666666667,4388.43333333333,4481.63333333333,0,0,0,706.066666666667,693.9,718.466666666667,333.166666666667,327.6,338.8,0,0,0,-0.0199799222708949,-0.0235128254204059,-0.0164301037980229,0.0401623720461916,0.0297516897839418,0.0503417410841041,0,0,0,0.0167430450953631,0.0164649686635392,0.0170053577179066
240,30,250000,250000,250000,52984.7333333333,51248.9666666667,55074.5,0,0,0,4325.66666666667,4270.96666666667,4376.36666666667,0,0,0,725.066666666667,712.666666666667,737.5,345.1,339.966666666667,349.666666666667,0,0,0,-0.0254052196411999,-0.0298779558685226,-0.0206352090719138,0.0367611461351066,0.023866972670756,0.0487467359433224,0,0,0,0.0175895661499603,0.0172861876013017,0.017894150131142
250,30,250000,250000,250000,57420.4333333333,55349.5333333333,59527.2,0,0,0,4241.83333333333,4189.06666666667,4291.1,0,0,0,733.133333333333,721.8,745.466666666667,352.8,347.033333333333,358.433333333333,0,0,0,-0.019299608819063,-0.0239958916908892,-0.0156416030982461,0.0225711320045998,0.0107095701746385,0.0338386743727199,0,0,0,0.0182896268053757,0.0180166051730404,0.0185720823382754
260,30,250000,250000,250000,60890.5666666667,58766.0333333333,63034.3333333333,0,0,0,4131.4,4083.83333333333,4183.23333333333,0,0,0,743.266666666667,726.966666666667,757.6,355.233333333333,351,359.1,0,0,0,-0.0260051636692957,-0.0301499277072002,-0.0219405018444443,0.00800535486335558,-0.00474825691887462,0.0192735682526011,0,0,0,0.0189585539318595,0.018654342141755,0.019251854500719
270,30,250000,250000,250000,65205.7,63237.4,67122.3333333333,0,0,0,4046.5,4002.46666666667,4086.83333333333,0,0,0,726.066666666667,713.8,738.4,354.233333333333,348.433333333333,359.866666666667,0,0,0,-0.0203398683373324,-0.0251544243213236,-0.0154230580167994,-0.00268073657103261,-0.0146927327451578,0.00975451251551546,0,0,0,0.0190205866095838,0.0187335796837088,0.0193055262576906
280,30,250000,250000,250000,68699.6,66862.8333333333,70531.6333333333,0,0,0,3958.73333333333,3915.73333333333,4004.33333333333,0,0,0,721,707.433333333333,733.5,351.966666666667,345.566666666667,357.766666666667,0,0,0,-0.02160981140794,-0.0260207354671289,-0.0168911138698478,-0.00590418532685899,-0.0209542702364234,0.00815650058789891,0,0,0,0.0193061108534977,0.0190123946118751,0.0195951932089436
290,30,250000,250000,250000,72142.1666666667,70281.4666666667,74104.3,0,0,0,3892.56666666667,3848.06666666667,3938.2,0,0,0,713.166666666667,697.933333333333,728.833333333333,346.133333333333,338.9,353.833333333333,0,0,0,-0.0166284591193894,-0.0209138062439376,-0.012010724602009,-0.0164189617664369,-0.0294829427324016,-0.00377565866206395,0,0,0,0.0195370682443713,0.0192396662683894,0.0198404739716979
300,30,250000,250000,250000,74443.7,72570.7,76283.7333333333,0,0,0,3834.63333333333,3790.06666666667,3874.9,0,0,0,683.7,668.5,699.566666666667,335.5,328.833333333333,341.9,0,0,0,-0.0148221731486349,-0.0200802516988898,-0.00964424444086891,-0.0294584541868209,-0.0452745317909321,-0.0136899390148215,0,0,0,0.0190133338980568,0.0187222036343671,0.0192764617382739
310,30,245111.6,245065.066666667,245159.833333333,76589.4,74984.8,78310.8333333333,87.6,85.4666666666667,89.5333333333333,3805.53333333333,3766.06666666667,3844.1,4.4,3.83333333333333,5.06666666666667,662.433333333333,645.1,679.966666666667,329.333333333333,322.366666666667,336.166666666667,0,0,0,-0.00731412993860366,-0.0132703172186034,-0.00134572426682049,-0.0182384076837411,-0.0295728199509894,-0.00847811875706071,0.00392164219086326,0.00317736775719185,0.00461492235470172,0.018665611412299,0.0183913021885283,0.0189246989299525
320,30,245693.066666667,245596.666666667,245791.566666667,77757.9333333333,76251.4,79357.5,111.866666666667,109.066666666667,114.7,3789.56666666667,3752.33333333333,3822.9,3,2.46666666666667,3.5,643.8,629.433333333333,658.6,322.233333333333,315.8,327.933333333333,0.278929371146333,0.250641706020555,0.31004825185494,-0.00405747723625979,-0.00862660250244423,0.000497214625208401,-0.0207534965859202,-0.0319452344910688,-0.0088232119618463,0.00348012278477713,0.00280939881522289,0.00413389201854941,0.0182579916445039,0.017985892159479,0.0185467768024197
330,30,244546.366666667,244395.566666667,244692.166666667,78152.4,76541.5,79954.5333333333,146.966666666667,141.966666666667,151.5,3804.06666666667,3767.6,3844.43333333333,5.13333333333333,4.46666666666667,5.76666666666667,631.666666666667,616.3,646.033333333333,313.6,305.9,320.3,0.315148600319598,0.285369103939882,0.345582451346429,0.00388742701210539,-0.0019866406738885,0.00950742137422813,-0.0269048791125414,-0.0400379867983,-0.01538371354907,0.0046709510333469,0.00394850842087252,0.00542918305432239,0.0179787136924346,0.0176876023605898,0.0182653487326868
340,30,242804.433333333,242551.766666667,243033.2,77303.1666666667,75645.5,78922.3666666667,183.633333333333,177.3,189.733333333333,3800.4,3749.16666666667,3853.76666666667,5.96666666666667,5.1,6.73333333333333,618.9,602.333333333333,633.1,305.433333333333,299.133333333333,310.933333333333,0.250688111724038,0.226811104365917,0.273914276663889,-0.00117976295056313,-0.00738447165994123,0.00464902729812115,-0.0247805277798878,-0.0366087333892951,-0.0128915479293712,0.00415259280997308,0.00351344054100023,0.00485694631713544,0.0175349336347589,0.0172324190949016,0.0178217045267245
350,30,241004.733333333,240709.966666667,241278.2,77047.5,74824.9333333333,79418.9,234.166666666667,226.6,241.633333333333,3840.36666666667,3788.7,3893.36666666667,7.4,6.36666666666667,8.4,594.733333333333,581.033333333333,607.433333333333,297.733333333333,291.733333333333,303.033333333333,0.277932212832309,0.252797422703159,0.304588786005892,0.0106277468185647,0.00563106133828981,0.0156352745842983,-0.0246672573714491,-0.0360928574716978,-0.0124933543426015,0.00408824569162429,0.00356009014782594,0.00459694823616793,0.0168205282819719,0.0165278859786274,0.0170829592923111
360,30,238521.833333333,238142.933333333,238913.466666667,75156.9,72597.7,77530.6666666667,301.8,292.266666666667,311.8,3893.13333333333,3831.26666666667,3954,8.13333333333333,7.03333333333333,9.26666666666667,586.033333333333,575.466666666667,596.366666666667,291.9,286.466666666667,297.366666666667,0.289544493496332,0.273277515510171,0.306128527672351,0.0136092796985608,0.00877728224133391,0.0182321289775452,-0.019082609045963,-0.0287904973985971,-0.00866379867130385,0.00355700262895136,0.00313249642424307,0.00403964478104739,0.0163700355485042,0.0160788513267675,0.0166374025420451
370,30,235162.266666667,234706.933333333,235626,72609.7333333333,70042.0333333333,75311.6333333333,390.766666666667,377.566666666667,402.833333333333,3944.26666666667,3885.16666666667,4001.66666666667,10,8.86666666666667,11.1333333333333,578,566.5,589.666666666667,284.9,278.233333333333,290.4,0.295231628101838,0.278163261989553,0.31191241387986,0.0132405524308051,0.00847718163402392,0.0178036611699582,-0.0237458409568495,-0.0350067937039119,-0.0119489124963552,0.00336646483001664,0.0029936721213546,0.00372780332334894,0.0158959318399875,0.0156051860822561,0.0161721577951889
380,30,230729.8,229987.4,231375.666666667,70470.8,68170.4333333333,72817.6333333333,505.8,488.8,522.833333333333,3999.8,3941.8,4055.76666666667,13.8666666666667,12.7666666666667,14.9,579.166666666667,563.1,594.1,286.466666666667,278.133333333333,293.7,0.294311349279473,0.282479239803309,0.30652924626179,0.0143075549968915,0.00785504118010025,0.0203210689075655,0.00517195972565672,-0.00919323188348337,0.0187632004112104,0.00363179923991734,0.00329401872820519,0.00400777645433415,0.0156995722331597,0.0154417019101491,0.015949026490988
390,30,225107.466666667,224246.266666667,225931.1,68358.6,65958.5333333333,70689.8333333333,650.366666666667,629.666666666667,672.266666666667,4047.63333333333,3993.56666666667,4100.53333333333,16.1666666666667,14.5,17.7666666666667,580.7,561.066666666667,599.5,289.3,281.366666666667,296.833333333333,0.28647779457653,0.27459912694042,0.297121755462148,0.0122147452606705,0.00570083331632136,0.018815497949122,0.01085028080543,-0.00432001252814778,0.0262734213244057,0.00323553145561914,0.0029739126995402,0.00349747921825238,0.0155026027195804,0.0152157892831026,0.0157749376020911
400,30,217972.6,216909.8,218928.8,66329.4333333333,63992.1,68612.9666666667,841.933333333333,814.766666666667,870.7,4088.03333333333,4034.2,4140.63333333333,21.7666666666667,19.8666666666667,23.5333333333333,589.8,571.9,607.733333333333,288.6,281.033333333333,295.933333333333,0.294962598650865,0.284325832616138,0.305723057560546,0.0101459674492892,0.00531817808490957,0.014846017746381,-0.00186686571203134,-0.011478695407112,0.00776362016887472,0.00340705064114307,0.00315609519740957,0.00365926507002156,0.0155651393917362,0.0152893804819069,0.0158511725298053
410,30,208582.033333333,207109.2,209976,64709.6,62551.0666666667,66868.9666666667,1086.63333333333,1050.1,1120.26666666667,4132.36666666667,4082.13333333333,4178.4,27.0333333333333,24.8333333333333,29.2666666666667,590.8,573.966666666667,607.066666666667,296.7,289.166666666667,304.633333333333,0.290894267106432,0.278470273203277,0.301087782300715,0.0111379156099726,0.00419879478204513,0.0178985222971908,0.0284836249566578,0.0172238121181771,0.040278852299836,0.00326115531286173,0.00305854448820504,0.00347873857433538,0.0154335761316746,0.0151593612697249,0.0157086329881025
420,30,196460.5,194518,198194.866666667,63223.9333333333,61098,65195,1396.86666666667,1348.96666666667,1442.6,4155.63333333333,4105.96666666667,4204.8,37.0333333333333,34.7,39.5666666666667,608.766666666667,590.6,626,308,300.133333333333,316.366666666667,0.285601245945186,0.277416575596222,0.293861383541641,0.00570482987535679,0.000944228633550104,0.0101084801895489,0.0386401524861784,0.0242681552903894,0.0531270256446185,0.00345831519053393,0.00323965111550033,0.00366727425093845,0.0157504775413226,0.0154545376393749,0.0160327142069902
430,30,181368.5,179076.833333333,183609.933333333,62983.2,61081.4333333333,65017.8,1798.56666666667,1740.36666666667,1859.6,4146.6,4096.13333333333,4191.2,51.4333333333333,47.6,55.4333333333333,638.2,619.6,655.433333333333,322.133333333333,313.733333333333,330.666666666667,0.288299874416637,0.279314336535531,0.298161542817539,-0.00192335729585137,-0.00809991299828873,0.00431400004549741,0.0470350907641454,0.0343957703795093,0.0592278933212833,0.0037336704912921,0.00355049142488771,0.00392848804474205,0.0164646843995959,0.0161491676148749,0.0167503245299357
440,30,161706.933333333,158752.033333333,164380.333333333,63593.4666666667,61901.2333333333,65532.4,2306.1,2235.16666666667,2378.46666666667,4114.1,4065.73333333333,4158.46666666667,65.3,61,69.6666666666667,656.733333333333,638.933333333333,672.133333333333,336.066666666667,327.733333333333,343.866666666667,0.282734962154766,0.275380282936314,0.290607927612436,-0.00779299813370012,-0.0134114990831003,-0.00231666395008958,0.043921933615924,0.0327483655251596,0.0561545352790324,0.00369033964018692,0.00351091003274363,0.00386586523275662,0.0170253428366777,0.0167077887873915,0.0173172673014154
450,30,136981.133333333,133480.6,140326.366666667,65778.1666666667,63703.7333333333,67632.1333333333,2955.36666666667,2857.66666666667,3051.1,4075.1,4020.96666666667,4126.1,90.2666666666667,84.2666666666667,95.6666666666667,682.266666666667,666.466666666667,697.633333333333,354.8,346.266666666667,363.4,0.281614928732646,0.275363935920866,0.287679925380185,-0.00939807667447094,-0.0160060027049369,-0.0022971107487389,0.0560898043419925,0.0448202835318599,0.0677993421369216,0.00397965272773675,0.00381626640972767,0.00412937691331546,0.0178894943198927,0.0175313245520972,0.0182338858612376
460,30,106627.666666667,102627.633333333,110698.3,67356,64924.3666666667,69537.2333333333,3726.66666666667,3625.36666666667,3822.4,4019.9,3959.9,4078.5,120.3,114.4,126.6,698.933333333333,681.266666666667,714.733333333333,380.833333333333,372.333333333333,388.533333333333,0.2624036154627,0.253842592866984,0.270427320652793,-0.0136105617331827,-0.0191139923342739,-0.00890717599272876,0.074370452785183,0.061335893875305,0.0844683395634353,0.00414893008902823,0.00399972225026886,0.0042907914357872,0.0185556632666095,0.0181570757598238,0.0188986187461362
470,30,73053.8,68717.3666666667,76994.8666666667,70305.7,67695.4,72724.0666666667,4571.4,4460.46666666667,4670.3,3928.03333333333,3866.16666666667,3994.6,156.166666666667,149.266666666667,162.533333333333,736.8,720.566666666667,751.066666666667,408.433333333333,399.666666666667,415.966666666667,0.227954120599107,0.219848185365043,0.23602237292876,-0.022864084169855,-0.0274499768960506,-0.0180398465983658,0.0729130350128363,0.0621874600637506,0.0838249615339119,0.00427094801982099,0.00413672743368264,0.00440419274214429,0.0199260836686659,0.0195892424380338,0.0202748067038259
480,30,43073.6333333333,39787.2,46677.1,75105.4666666667,72494.7666666667,77759.8,5218.8,5138.83333333333,5287.2,3792.86666666667,3728.13333333333,3852.93333333333,207.2,198.9,216.033333333333,771.033333333333,756.733333333333,784,438.933333333333,430,446.2,0.143859919102215,0.129957099747848,0.156125654751124,-0.0344610485480363,-0.0392534523421182,-0.0294475624723553,0.0756983055839247,0.0637230361390208,0.0877014090512914,0.00462675220051285,0.00450038109418447,0.00475727036300473,0.0214711171825556,0.0210326107886335,0.0218800648160714
490,30,24525.4333333333,22769.6,26229.2666666667,81182.6,78436.9333333333,83860.2,5533.06666666667,5499.96666666667,5563.6,3639.66666666667,3579.13333333333,3708.96666666667,247.1,238.4,255.733333333333,788.066666666667,775.733333333333,800.633333333333,476.166666666667,466.766666666667,486.2,0.061241000620681,0.0492131253752462,0.0715451847276792,-0.0405808045113331,-0.0454863686024274,-0.0353679811914328,0.085203190909487,0.0729537571829298,0.0959364919967301,0.00483907355265913,0.00472186260521984,0.00496083361133872,0.0228526726311718,0.0224563211806836,0.0232329075189232
500,30,16698.4666666667,15890.1333333333,17596.3,88809,85655.7333333333,91846.6,5602.2,5581.66666666667,5621.83333333333,3445,3369.56666666667,3516.36666666667,292.733333333333,283.766666666667,301.366666666667,819.833333333333,804.833333333333,835.266666666667,512.366666666667,503.966666666667,520.633333333333,0.0127355442095626,0.00643255677681397,0.0186545732769156,-0.0535348641401392,-0.060402850244066,-0.0468535945709416,0.0768274671665912,0.0669981145059688,0.0871653961595844,0.00541998787401182,0.00528494073515425,0.00554673329764693,0.0249810338558691,0.0245524197724529,0.0254410922975803
510,30,14708.6666666667,14226.2,15215.0666666667,98333.4333333333,95083.5333333333,101173.1,5617.76666666667,5591.13333333333,5644.26666666667,3185.5,3111.16666666667,3254.33333333333,321.8,313.533333333333,329.333333333333,844.766666666667,829.5,860.066666666667,542.9,533.366666666667,551.633333333333,0.00291131714572521,-0.00372796407232116,0.00947163005232232,-0.0756180946614867,-0.0805781011343663,-0.0709129759864713,0.060172544391451,0.0463991919700287,0.0718217348662107,0.00589503009688835,0.0057711896802218,0.00603225887323319,0.0274606620033748,0.026990887501086,0.0278812926865663
520,30,14939.3333333333,14453.7666666667,15436.0333333333,110402.8,107443.1,113546.866666667,5567.5,5541.93333333333,5592.66666666667,2912.46666666667,2829.4,2991.46666666667,352.933333333333,342.1,363.1,837.966666666667,819.7,856.966666666667,567.733333333333,558.633333333333,575.7,-0.00868441850735382,-0.0171500073228374,-0.000385229114546857,-0.0859902739494563,-0.0936644633990657,-0.07885656124069,0.0464767791900543,0.0346758253994221,0.0586262721589606,0.00645924827769042,0.00631947251186956,0.00659313516526123,0.0297148737388108,0.0292556840115773,0.0301718798682114
530,30,15953.6666666667,15565.7333333333,16379.8333333333,123091.8,119859.933333333,126385.333333333,5560.73333333333,5539.13333333333,5581.23333333333,2611.2,2544.73333333333,2679.03333333333,370.033333333333,361.733333333333,377.866666666667,814.4,791.4,835.633333333333,572.066666666667,563.2,580.566666666667,-0.00104977072233479,-0.00697259548111835,0.00482117304476716,-0.103517942519629,-0.110327682164545,-0.0969874922839409,0.00800121154819877,-0.00214917080072692,0.0181327191281891,0.00684665886717724,0.00670518795095458,0.00699240161982861,0.0318161389626569,0.0313513263022194,0.0323123421035093
540,30,16082.7333333333,15703.1,16493.4666666667,136197.966666667,133071.6,139288.466666667,5533.6,5509.7,5557.1,2329.96666666667,2266.96666666667,2399.2,389.4,381.6,397.933333333333,740.566666666667,715.666666666667,762,559.466666666667,547.166666666667,570.666666666667,-0.00471024382567017,-0.0118780986540274,0.00185048575001762,-0.107729593803856,-0.113435090695914,-0.102033264623948,-0.0222250048327684,-0.034983329552599,-0.00961358429292752,0.00722493130437984,0.00709746084674463,0.00735090295568551,0.0323662082943693,0.0319107514311525,0.0328759891316582
550,30,16513.1666666667,15979.7,17089.2666666667,148779,145477.9,151429.9,5565.1,5549.3,5582.76666666667,2065,2012.86666666667,2120.8,390.866666666667,381.066666666667,401.4,666,641.633333333333,691.833333333333,533.533333333333,519.533333333333,547.366666666667,0.00589772273568834,-0.000315080076333401,0.0122906610557211,-0.11317854213917,-0.120829019332011,-0.105060439385577,-0.0467577462124029,-0.0594284874079326,-0.0341270404082342,0.00729113703774271,0.00715755329735923,0.00742522667017524,0.0326743400017102,0.0321711742668204,0.0332105094335549
560,30,16197.4,15807.2666666667,16583.8333333333,159786.966666667,157252.7,161960.233333333,5527,5504.33333333333,5550.33333333333,1844.76666666667,1801.03333333333,1897.46666666667,388.3,376.5,400.466666666667,572.2,549.7,596.466666666667,490.166666666667,474.533333333333,505.366666666667,-0.0067817722776534,-0.0119685732469821,-0.00186736397313022,-0.105813858724184,-0.117819262710144,-0.0954582701172374,-0.0815430875174524,-0.0928053391276352,-0.0694192777978926,0.0071994320054326,0.00706148856072768,0.00733599903277492,0.031566525890238,0.030998213518616,0.032176299361477
570,30,16757.8,16090.2333333333,17361.2,168981.2,166906.5,170864.1,5526.7,5506.46666666667,5546.1,1670.16666666667,1631.96666666667,1711.46666666667,361.233333333333,350.2,371.833333333333,481.7,459.633333333333,504.433333333333,448.9,434.533333333333,464.466666666667,6.29298277648111e-05,-0.00445985352608865,0.00520255717606567,-0.0940491838764587,-0.102926553035832,-0.0853230146366234,-0.0842907481695934,-0.0925611054092759,-0.0754463993590737,0.00673401702178109,0.00659999041776508,0.00685693944989437,0.0295030006939049,0.0289693227928134,0.0300483041841259
580,30,16342.7,15779.0666666667,16896.2666666667,175800.966666667,174095.1,177349.933333333,5576.1,5559.3,5591.2,1553.4,1519.5,1587.66666666667,334,321.833333333333,345.6,408.466666666667,389.833333333333,428.9,394.433333333333,381.2,407.833333333333,0.00901872536047119,0.00529541902474512,0.0131031543998518,-0.0691158642775173,-0.0789416929664945,-0.059065108190329,-0.120998563900456,-0.130804452379449,-0.111741486650098,0.00621206991050457,0.00608569373424331,0.00634734905358141,0.0274575528733423,0.026876410286459,0.0280168863020074
590,30,15090.2333333333,14717.3333333333,15485.9,180227.733333333,178710.366666667,181628,5593.8,5573.26666666667,5614.73333333333,1482.5,1444.3,1519.2,302.066666666667,292.366666666667,312.566666666667,338,324.166666666667,352.6,345.333333333333,332.766666666667,357.766666666667,0.00322673952351343,-0.00135029496078946,0.00729545445138355,-0.0458379080037968,-0.0581617317891564,-0.0345892968581657,-0.124829867619153,-0.135035572197759,-0.114962301878998,0.00555187090961433,0.00543300497701359,0.0056678064353032,0.0241605091599322,0.0236409311249458,0.0247167676631489
600,30,14632.7333333333,14185.9,15077.8,182561.1,180793.966666667,184540.7,5632.96666666667,5612.86666666667,5652.66666666667,1456.1,1411.93333333333,1494.16666666667,266.633333333333,253.833333333333,279.7,290.366666666667,279.733333333333,300.8,298.333333333333,287.366666666667,310.966666666667,0.00710783945322749,0.00185187040753689,0.0125676351470312,-0.0180664536815025,-0.02659871969524,-0.00937241830806916,-0.135710625874571,-0.145641211776084,-0.125721993826615,0.00487188932996986,0.00475360100774191,0.00499602377393654,0.0215579908683586,0.0210680029821451,0.0220303578089563
610,30,14198.9666666667,13680.2666666667,14697.1,182976.4,180953.133333333,185100.333333333,5610.46666666667,5581.1,5639.5,1477.1,1422.7,1525.26666666667,230.4,221.533333333333,239.866666666667,248.2,238.5,259.233333333333,258.433333333333,250.433333333333,267.733333333333,-0.00388488049990853,-0.00990928678131328,0.00245693573311195,0.0133033534764647,0.00342268635425815,0.0222235619801189,-0.131980139186686,-0.146306997207785,-0.118968858175315,0.00416815719251405,0.00406517813541896,0.00427518376371027,0.0185735622655219,0.0180978679510635,0.0190534074703598
620,30,13781.3333333333,13255.9,14322.4666666667,181368.9,179151.9,183612.333333333,5646.46666666667,5624.06666666667,5668.63333333333,1525.26666666667,1467.63333333333,1578.5,199.666666666667,192.7,207.066666666667,219.7,208.266666666667,232.133333333333,224.066666666667,216.066666666667,231.8,0.00667882783604612,-0.000912174853881003,0.0138883262491475,0.0322645485124944,0.0222104508459655,0.0425107391621759,-0.132684981508606,-0.144006173599931,-0.122118654903596,0.0036180628621286,0.00351814267229686,0.0037148414633792,0.0159826915559621,0.0155344123184196,0.0164487490825862
630,30,13013.1333333333,12542.9,13454.2,178207.3,175814.7,180993.3,5674.86666666667,5654.46666666667,5694.56666666667,1611.6,1552.36666666667,1668.56666666667,170.833333333333,164.1,177.933333333333,199.333333333333,189.366666666667,208.766666666667,195.1,188.666666666667,202.166666666667,0.00516250630775473,-0.000640445590860049,0.0107527625781098,0.0567801981406729,0.0467087064601585,0.0669787848246069,-0.128484781529601,-0.1414510867177,-0.114405474295969,0.00306803821400227,0.00299171428546971,0.00314956958046758,0.0139323662751579,0.0135821943494259,0.0142943969022988
640,30,12763.1666666667,12259.5333333333,13235.7333333333,173751.966666667,170970.2,176486.233333333,5671.26666666667,5652.96666666667,5688.16666666667,1729.7,1660.63333333333,1795.4,150,144.366666666667,156.066666666667,186.566666666667,177.6,195.166666666667,174.6,168.2,181.3,-0.000523882934217576,-0.00566135353409911,0.00434498114747115,0.0728881360519139,0.0639223558578308,0.0813055101776826,-0.105018648191414,-0.119929284586717,-0.0908508702326221,0.00267545966472402,0.00259751470474652,0.00275847524426571,0.0122588899514339,0.0119028723221894,0.0126172447409165
650,30,12599.1666666667,12156.8333333333,13072.8666666667,167670.666666667,164529.866666667,170873.266666667,5682.43333333333,5659.6,5705.8,1884.5,1805.93333333333,1955.1,136.966666666667,130.833333333333,143.166666666667,175.766666666667,166.666666666667,185.033333333333,159.7,153.166666666667,166.166666666667,0.00206040781080143,-0.00278058517705565,0.00720531301361699,0.0895207466809736,0.0822776829972691,0.0956658177339166,-0.0851648649669505,-0.104417821866692,-0.066770238734896,0.0024413250002223,0.00236309496801547,0.00252465654236284,0.0106461575255184,0.0103353485663995,0.0109544816955846
660,30,12256.9666666667,11801.5333333333,12728.0666666667,159667.066666667,156002,163370.7,5683.26666666667,5659.63333333333,5705.23333333333,2079.5,1996.2,2168,120,114.933333333333,125,173.733333333333,162.533333333333,184.666666666667,147.8,141.633333333333,153.6,0.000281123255292448,-0.00528208259618557,0.00551716053406706,0.103444445310675,0.0930553211997397,0.113683264563559,-0.0721029351455195,-0.0942057635684559,-0.0508832495237132,0.00213266541839554,0.00205973069653928,0.00220561338951295,0.00962268741414049,0.00931905436174887,0.00992813718869237
670,30,12244.5333333333,11701.4666666667,12754.3,150034.066666667,146006.966666667,154177.066666667,5694.16666666667,5670.63333333333,5716.53333333333,2314.9,2228.46666666667,2402.26666666667,107.366666666667,101.866666666667,112.633333333333,175.566666666667,162.566666666667,187.466666666667,140.8,133.3,148.566666666667,0.00204358490964493,-0.00401484762557685,0.00786259820195491,0.114414234720603,0.108075015846647,0.121602495926332,-0.0503301951547799,-0.0737375189926032,-0.0280853816994946,0.00190507220942868,0.00184310139514716,0.00196694358303613,0.00872769175408859,0.00849614242168441,0.00896511681107151
680,30,12262.4333333333,11684.7333333333,12903.3,138732.3,134613.6,142938.4,5693.36666666667,5673.96666666667,5712.73333333333,2586.5,2501.36666666667,2671.7,102.166666666667,96.8666666666667,108.366666666667,184.266666666667,170.233333333333,198.8,136.933333333333,128.466666666667,145.666666666667,-1.11129069229921e-05,-0.00533865885897332,0.00514527721795368,0.118465176740161,0.110127619698039,0.126214234496499,-0.0285808558667205,-0.0460747947232493,-0.0103976389826608,0.00181036840417921,0.00173945209248742,0.00187644953153552,0.00819897957237788,0.00796512015173577,0.00845837238679838
690,30,11957.5333333333,11513.7333333333,12390.0666666667,125763.933333333,121696.5,129746.033333333,5691.23333333333,5671.9,5711.1,2891.06666666667,2794.7,2983.36666666667,97.3,92.0333333333333,102.933333333333,196.966666666667,182.366666666667,213.733333333333,139.566666666667,131.066666666667,148.566666666667,-0.000227288267957938,-0.00610458455892155,0.00531270864574043,0.118633223061279,0.109738462851708,0.127451166895638,0.0200881578551082,0.00119137205087433,0.0394478481983198,0.00172218919750581,0.00167251520507666,0.00178297154339732,0.0078398421452329,0.00758585196994497,0.00808822776263542
700,30,11932.2,11461.4,12353.6666666667,111667.7,107306.166666667,115968.066666667,5709.23333333333,5688.7,5729.26666666667,3211.06666666667,3106.3,3319.43333333333,93,87.6666666666667,98.3,220.1,203.166666666667,236.5,144.633333333333,135.533333333333,153.866666666667,0.00329007358174646,-0.00314839452923755,0.00868740378692805,0.111554143195237,0.104599863729821,0.117779768488155,0.0359072156290653,0.0185110297103107,0.0531344971678203,0.00164632409559043,0.00158145675679157,0.00170811938829649,0.00784547711332169,0.00759727177535911,0.0080874773525725
710,30,12141.7,11655,12641.5,97012.9,92663.3333333333,101533.233333333,5673.03333333333,5648.2,5702.8,3558.33333333333,3454.86666666667,3655.63333333333,94.9,88.2333333333333,101.333333333333,242.9,223.7,261.133333333333,154.366666666667,144.566666666667,164.033333333333,-0.0061996159122243,-0.012200211128004,-0.000211600600637656,0.109054211095379,0.102555263313452,0.1158238442511,0.0685143205256697,0.0498784683558918,0.0862344996751686,0.00167580683167969,0.0016079586106652,0.00173873601175231,0.00778505775738646,0.00753353071245635,0.00801321928872864
720,30,12308.8,11841.9666666667,12763.7666666667,82074.3666666667,78003.7,86076.2666666667,5704.3,5683.96666666667,5726.03333333333,3896.7,3797.03333333333,3988.9,97.3,90.7666666666667,103.466666666667,277.4,257.666666666667,296.7,169.4,157.8,180.866666666667,0.00572560724911456,-0.001586919391211,0.012693480019056,0.0961477235267061,0.0883901735745012,0.105279637610706,0.0960504190980827,0.0780193105072709,0.112276523455729,0.00172972938023807,0.00165592186232008,0.00180275352948465,0.00804421939763521,0.00780073611087345,0.0082923935732223
730,30,11838.3,11459.3666666667,12199.6333333333,68533.4,64763.2,72330.1333333333,5694.8,5666.5,5723.26666666667,4194.6,4101.96666666667,4275.96666666667,100.533333333333,93.2333333333333,107.866666666667,328,304.733333333333,353.433333333333,188.4,176.566666666667,200.8,-0.00152311659981271,-0.00888460416892295,0.00569116033289499,0.0774011164236133,0.0697721798115283,0.0847943492566874,0.111819963315992,0.095194270869071,0.128201231350227,0.00177632837050168,0.00170355094270435,0.00184669655127799,0.00871675476556854,0.00843759478401426,0.00898630621024475
740,30,12080.3333333333,11562.8666666667,12626.2666666667,57868.5333333333,54884.6333333333,61064.6333333333,5696.1,5676.6,5714.43333333333,4411.1,4335,4480.1,106.1,99.1333333333333,113.5,375.8,350.066666666667,402.1,212.833333333333,198.066666666667,228.166666666667,0.000444827716584118,-0.00648762293739769,0.00717539582992125,0.0525625457181449,0.0428503095960521,0.0613550005073215,0.130040304123964,0.11341765234341,0.146086909943067,0.00187926552455719,0.00180280482970202,0.00195450802145368,0.00932441873966702,0.00904173531218714,0.00961156421174555
750,30,12266.3666666667,11865.3666666667,12657.0666666667,50681.2666666667,47885.6,53274.4,5665.13333333333,5640.93333333333,5686.53333333333,4563.16666666667,4499.36666666667,4625.43333333333,121.266666666667,111.933333333333,129.633333333333,439.7,404.6,470.1,240.233333333333,222.866666666667,256.566666666667,-0.00533244304730125,-0.0106618757505929,0.000159338660621827,0.0349910141157588,0.0267810104757542,0.0424518940678579,0.131602869324523,0.11807710770447,0.145044915218104,0.00214995557484636,0.00207187161289224,0.00223551861298925,0.0104488566641663,0.0101045764051311,0.0107896096404584
760,30,12867.9333333333,12443.3666666667,13290.7333333333,46186.3,43876.9,48645.0666666667,5688.26666666667,5661.36666666667,5715.46666666667,4615.63333333333,4552.83333333333,4675.6,135.333333333333,125,146,498.433333333333,466.566666666667,527.566666666667,277.9,260.766666666667,296.666666666667,0.00427561603660342,-0.00349309395567894,0.011619786759736,0.0117688678403634,0.00550767984349521,0.0178168003727475,0.158601911583909,0.145762767849354,0.1725465156725,0.00241615166591491,0.00231436117476398,0.00251795744205575,0.0115254601240073,0.0111924919345455,0.0118824777836078
770,30,12148.1,11660.1666666667,12595.9,45429.5333333333,43099.9,47811.1,5687.26666666667,5663,5709.16666666667,4598.66666666667,4527.86666666667,4666.66666666667,153.266666666667,141.733333333333,164.733333333333,585.633333333333,553.1,618.133333333333,323.066666666667,301.233333333333,343.833333333333,2.3731655307541e-05,-0.00664999393429069,0.00675796807499164,-0.00373250113767408,-0.0105875625976672,0.00259302629416536,0.163618003822908,0.151612351811464,0.176668095267924,0.00273157750069138,0.00262020144440316,0.00283735591719122,0.0135088112351575,0.0131194613603552,0.0138804768226248
780,30,12745.5,12267.0666666667,13245.1333333333,47335.8333333333,44477.8333333333,50283.2,5645.83333333333,5629.03333333333,5662.2,4496.53333333333,4418.53333333333,4584.06666666667,179.966666666667,168.133333333333,191.866666666667,675.166666666667,639.433333333333,709.333333333333,371.7,348.5,393.766666666667,-0.00717210524693158,-0.0117746527235281,-0.00198032723080553,-0.0224489965264222,-0.0285877839458947,-0.0160490250729481,0.154489054873545,0.139612291080257,0.168167946950188,0.00321258324635394,0.00309424212737177,0.00333137765036209,0.0157991481959557,0.0153085306018735,0.0162086965949799
790,30,13140.5,12659.4333333333,13574.8666666667,52142.3,48494.7,55762.0666666667,5642.9,5620.63333333333,5664.23333333333,4337.86666666667,4242.2,4435.3,210,195.233333333333,225.833333333333,764.6,728.033333333333,802.233333333333,425,402.433333333333,446.933333333333,-0.000444609159339522,-0.00589226598952174,0.00467911179506019,-0.0357723627405451,-0.0419456572064944,-0.0289944077337087,0.146055146909706,0.137106898865566,0.155711883716361,0.0037860304226904,0.00365757271843857,0.00391115901999812,0.018540822899856,0.0180370421220008,0.0190161413805132
800,30,13819.0666666667,13382,14297.9666666667,59571.7333333333,55016.0666666667,63565.1333333333,5626.73333333333,5603.63333333333,5648.66666666667,4140.06666666667,4025.46666666667,4263.33333333333,244.666666666667,229.6,259.533333333333,833.8,796.066666666667,867.7,478.3,456.9,499.333333333333,-0.00271270643924875,-0.00860351691938616,0.00356341343934125,-0.0465443998563533,-0.0545011268455824,-0.0388478975808565,0.129673769372065,0.117248672759797,0.14278237025488,0.00442644227582115,0.00427646447329267,0.00455774759431844,0.0212050401274868,0.0206157420531278,0.021712264346423
810,30,13861.9666666667,13379.0333333333,14371.8,68518.0666666667,63043.9666666667,74243.7,5633.06666666667,5609.76666666667,5656,3898.3,3772.13333333333,4041.66666666667,281.333333333333,263.333333333333,298.266666666667,889.866666666667,864.033333333333,913.633333333333,531.066666666667,509.766666666667,552,0.00127929091361385,-0.00459382534353981,0.00793922158263909,-0.0595288662577009,-0.0671827183617596,-0.0523842158996199,0.113567553819291,0.100335290215111,0.125791947925373,0.00511475555684882,0.00495236068752777,0.00527399082536584,0.0239905097522668,0.0234063448435655,0.0246404324778386
820,30,14607.3,14204.0333333333,15058,80315.2333333333,74089.5,86163,5587.53333333333,5563.83333333333,5613.36666666667,3580.4,3431.3,3735.36666666667,315.166666666667,295.966666666667,333.666666666667,951.233333333333,931.866666666667,970.466666666667,580.566666666667,562.7,597.9,-0.0079269746998107,-0.0144260660344062,-0.00173060538798203,-0.0835445751891181,-0.0921737903552149,-0.0744753446120828,0.0964032430959772,0.0818873261745107,0.110087812984263,0.00574318000866161,0.00558481078569054,0.00590507951646926,0.0276363165200984,0.0270334006833813,0.0282178586285397
830,30,15698.9,15130.2,16237.7333333333,94809.0333333333,88287.5333333333,101189.033333333,5539.5,5513.6,5563.96666666667,3222.03333333333,3066.53333333333,3371.03333333333,357.166666666667,339.866666666667,374.4,957.866666666667,938.8,976.6,615.2,600.3,629.533333333333,-0.00842505902696732,-0.0152238648265689,-0.00168361032968177,-0.102171740672743,-0.110035899069678,-0.093991660583786,0.0625703812687687,0.0479642360632693,0.0773826960743246,0.00658371516519026,0.00642069018429777,0.00675486421493251,0.0306443847270411,0.0299868747835453,0.0312956872212252
840,30,16818.8,16230.3,17410.4333333333,110903.866666667,103585.566666667,118350.266666667,5524.43333333333,5502.43333333333,5544.46666666667,2843.63333333333,2670.33333333333,3015.16666666667,393.5,377.033333333333,409.333333333333,936.266666666667,909.233333333333,960.266666666667,628.866666666667,619.4,637.733333333333,-0.00257331339813218,-0.00814248749476811,0.00311848391759394,-0.120135459854654,-0.12867708862959,-0.112296318582422,0.0248311816142822,0.0058324795122544,0.0418478342044162,0.00734071208285166,0.00715763001787357,0.00751256123805484,0.0336324602560988,0.0330316019816722,0.0342268388645108
850,30,17159.6666666667,16684.0333333333,17606.2,127663.3,119845.133333333,135030.533333333,5513.26666666667,5493.3,5534.2,2487.33333333333,2343.8,2652,417.333333333333,405,428.4,860.533333333333,811.1,906.8,629.5,618.366666666667,640.466666666667,-0.00188269791484921,-0.00796710152664929,0.00383496373454364,-0.126890536773091,-0.13586103019928,-0.118517933386793,0.00142044214538857,-0.0133759869108581,0.0164263462208882,0.00781732354904549,0.00765969655573562,0.00797819262087477,0.0350053876338726,0.0344680591705256,0.0355432990758454
860,30,17144,16691.1666666667,17584.7333333333,143586.733333333,136274.1,150083.366666667,5508.1,5481,5534.4,2135.5,2008.06666666667,2271.86666666667,428.266666666667,418.933333333333,436.7,775.333333333333,727,824.533333333333,603.9,583.7,622.4,-0.000814903749350261,-0.00696198355768555,0.00527092041319908,-0.141617576320056,-0.14871876339438,-0.134755726118437,-0.0417052760661903,-0.060372687659977,-0.0243191249143393,0.00804130195896552,0.00788903060865672,0.00819697728478368,0.0361654015161809,0.0356175500000811,0.0366780365363499
870,30,17425.2333333333,16863.4666666667,18073.0666666667,158120.633333333,152125.433333333,163971.1,5516.43333333333,5494.36666666667,5538.66666666667,1852.06666666667,1737.33333333333,1966.86666666667,424.733333333333,412.533333333333,435.733333333333,650.033333333333,595.333333333333,702.233333333333,553.5,529.966666666667,577.7,0.00172945728609472,-0.0057075260611286,0.00908438185136737,-0.131803738053959,-0.140441777257274,-0.12316656100341,-0.0854789488779494,-0.102544865739455,-0.0673274588342693,0.00798221749414342,0.00782840797081652,0.0081300231353802,0.0349090284515805,0.0343334166604905,0.0354957260665511
880,30,16945.7,16422.2,17436.3333333333,169759.9,165029.633333333,174942.3,5537.56666666667,5508.36666666667,5564.23333333333,1618.33333333333,1530.83333333333,1703.9,401.933333333333,386.633333333333,416.933333333333,537.533333333333,486.066666666667,592.233333333333,499.733333333333,469.866666666667,529.166666666667,0.00395867923252308,-0.00239072721695179,0.00996486467402711,-0.122297858808002,-0.133568496651313,-0.1100300541085,-0.101304111530602,-0.117849324105485,-0.0841078215531761,0.00752858475034312,0.00736810320187223,0.00767784761323885,0.032911987016131,0.0322680363741161,0.033542499172189
890,30,16358.3333333333,15693,16923.8666666667,179191.633333333,175367.566666667,182510.866666667,5554.4,5532.66666666667,5576.7,1457.63333333333,1393.96666666667,1519.26666666667,371.866666666667,353.433333333333,389.3,437.766666666667,394.933333333333,478.833333333333,434.333333333333,407.066666666667,464.633333333333,0.00323136743347103,-0.00317365863023835,0.00978837980648001,-0.0941846569473473,-0.109558471596879,-0.0783746079701042,-0.13386747950826,-0.145175528089019,-0.122367131941814,0.00692735736830012,0.00676792955552471,0.00709798357271793,0.0303393833483061,0.0296163775795121,0.0310632984790227
900,30,15719.2,15248.3,16227.9,185415.7,183070.8,187553.8,5577.06666666667,5549.7,5601,1349.4,1303.06666666667,1394.56666666667,333.166666666667,314.066666666667,351.166666666667,351.766666666667,319.233333333333,387.133333333333,372.6,345.166666666667,400.4,0.0041854700900018,-0.00108353775179481,0.010004593147743,-0.0709317610879825,-0.0857377099988724,-0.0576326277644648,-0.143754193624544,-0.153098062733678,-0.134402516962857,0.0061691170813685,0.00600817472770809,0.00633219785635824,0.0267067897372002,0.0260327206563576,0.0274843961186818
910,30,15177.2333333333,14529.8,15810.1,189254.033333333,187325.133333333,191083.633333333,5608.36666666667,5584.96666666667,5631.06666666667,1298.4,1264.7,1332.93333333333,283.966666666667,265.6,305.1,287.133333333333,260.733333333333,313.7,312.666666666667,288.266666666667,336.9,0.00570915827947683,0.00121547907143341,0.00986607449592298,-0.03507937034082,-0.0532533536266276,-0.0179464834437162,-0.16164624120524,-0.174967777362838,-0.149575860168577,0.00522153686936304,0.00506566442789492,0.00537818237994903,0.0233891291476166,0.0226881762373528,0.0241302753059098
920,30,14194.2666666667,13591.1666666667,14923.6333333333,190472.266666667,188983,191944.9,5616.1,5593.86666666667,5637.73333333333,1294.66666666667,1258.3,1330.26666666667,245.1,226.533333333333,263.133333333333,233.6,216.033333333333,252.266666666667,265.1,245.566666666667,287.166666666667,0.00146219232531476,-0.00350000466848125,0.00619628365782013,-0.00258666903775958,-0.0176829480491714,0.0120736068541404,-0.152801290116652,-0.162032581389462,-0.143671765698124,0.00446763566204996,0.00432226172092711,0.0046122327826582,0.0195922715603509,0.0189547320177851,0.0201711952282466
930,30,13916,13338.6,14448.3333333333,189977.066666667,188075.5,191738.933333333,5643.1,5619.5,5667.76666666667,1326.3,1278.63333333333,1375.36666666667,206.566666666667,189.833333333333,224.5,202.7,186.566666666667,219.1,220.2,204.133333333333,238,0.00493421019761334,-0.00128270176549847,0.010315430779773,0.0237466711904073,0.00746654659938015,0.0382682779200749,-0.166524905995679,-0.179897082528754,-0.153314019834419,0.00374444613134629,0.00359929620617863,0.00387290087775849,0.0169883318869574,0.0163609891832586,0.0175765589341335
940,30,13179.1666666667,12680.5,13700.7333333333,187615.666666667,185196.2,189917.033333333,5669.9,5650.43333333333,5686.86666666667,1400.46666666667,1343.6,1458.63333333333,175.566666666667,161.5,189.133333333333,171.566666666667,160.233333333333,182,188.466666666667,175.6,202.133333333333,0.00492220754971634,-0.00115595843586352,0.0108070505360389,0.0549724990293623,0.0419301196358756,0.0662528792142867,-0.142654673812947,-0.155531762863099,-0.129837354467486,0.0031593700551007,0.00304884037051201,0.00326997682807666,0.0138990417381525,0.013421429900006,0.0143467116944658
950,30,12725.3666666667,12366.4,13069.1,183456.8,180417.033333333,186234.033333333,5665.76666666667,5649.3,5681,1515.43333333333,1447.2,1583.46666666667,147.6,135.3,160.3,153.033333333333,144.6,161.166666666667,161.533333333333,151.433333333333,172.033333333333,-0.00063566208765531,-0.00549970562671739,0.0040744381429804,0.080652288996318,0.068870187345985,0.0911673788972417,-0.139145953755273,-0.154533157550005,-0.124007264319849,0.00263579692449439,0.00253792659544877,0.00272820393822546,0.0116683260302854,0.0112449853216316,0.0120615913986496
960,30,12463.0333333333,12088.8333333333,12794.3333333333,177385.566666667,173799.633333333,180553.433333333,5693.53333333333,5672.23333333333,5715.16666666667,1669.46666666667,1592.93333333333,1751.76666666667,127.366666666667,118.066666666667,136.633333333333,141.5,133.9,148.9,140.033333333333,131.966666666667,148.4,0.00498932287438087,-0.000326322907970083,0.0100690732028701,0.10073347844544,0.0893622791678971,0.111331610551848,-0.127643714034609,-0.149689468388147,-0.10644009453473,0.0022721488754042,0.00218674183328734,0.00236864939003697,0.00989212690323323,0.00951382180844215,0.0102737168616082
970,30,11993.9333333333,11538.0666666667,12429.5333333333,169775.9,165802.466666667,173869.766666667,5709.6,5691.8,5727.46666666667,1861.63333333333,1763.4,1958.4,106.366666666667,98.5666666666667,113.866666666667,136.866666666667,128.5,145.966666666667,126.033333333333,119,132.9,0.00295698696093805,-0.0023680916278443,0.00829555234593482,0.114077651489751,0.10418014775168,0.123415677682658,-0.0977326966728129,-0.117221978326296,-0.077306762599704,0.00188538090873973,0.00180774777446886,0.00196530389832019,0.0085956250186456,0.00829347601635777,0.00890182371635646
980,30,11381.2,11005.0333333333,11738.5,160123.733333333,155520.933333333,164558.7,5702.83333333333,5677.53333333333,5728.9,2086.56666666667,1979.83333333333,2196.86666666667,98.6666666666667,92.1333333333333,105.266666666667,137.4,127.533333333333,147.733333333333,115.566666666667,109.266666666667,122.8,-0.00105236437831107,-0.00772792952875289,0.0052611276151813,0.120481394260789,0.114935624818205,0.126009132438374,-0.0825080692544771,-0.100483657641455,-0.0668695584460018,0.00174243158118844,0.00167569196977022,0.00180534893579022,0.00770409241423772,0.00744720236098246,0.00795498704363328
990,30,11909.6666666667,11457,12383.5333333333,149035.4,143658.066666667,154392.8,5698.86666666667,5668.86666666667,5725.83333333333,2348.4,2219.13333333333,2480.33333333333,83.4666666666667,76.9333333333333,90.5333333333333,142.266666666667,131.366666666667,153.366666666667,112.166666666667,106.433333333333,118.1,-0.00047875122769067,-0.00844200771528241,0.00706908136928258,0.124586693982046,0.1143558329921,0.134188348984422,-0.0271864126304292,-0.0437994246787574,-0.010546694521066,0.00147359704449192,0.00141062686328231,0.0015305976519858,0.00707111424366526,0.0068195735687293,0.00732728806335508
1000,30,11621.2,11172.1,12070.1333333333,136398.833333333,129797.066666667,142512.866666667,5709.86666666667,5687.16666666667,5733.53333333333,2661.6,2518.83333333333,2801.6,80,73.3333333333333,86.6,149.3,139.8,159.733333333333,110.666666666667,104.366666666667,117.366666666667,0.0021746423512944,-0.00522819177680415,0.00970374656732945,0.133851566816488,0.126059902157344,0.141928222995448,-0.0123707354036463,-0.0379164791942809,0.0126934677132879,0.00141556583451647,0.00135530485131758,0.00147692744306878,0.00659711514882282,0.00638819334987665,0.00682333715171884
1010,30,11680.7666666667,11201.6,12129.6666666667,121295.166666667,113791.3,128258.9,5130.86666666667,5106.96666666667,5151.83333333333,3008.3,2844.26666666667,3177.3,77,72,82.6,162,149.333333333333,174.366666666667,91.1333333333333,85.9,96.5666666666667,-0.101245576353519,-0.107262471783982,-0.0949900622832952,0.130559039398782,0.123049349908593,0.138227136598705,-0.175156826507584,-0.19085366703134,-0.158424997277209,0.00135651142548364,0.00129664279412048,0.00141467742883116,0.00629122626932302,0.00608342247182234,0.00651072900470714
1020,30,21314.1333333333,20683.4666666667,21958.6333333333,104724.233333333,97293.9,112144.4,5123,5104.2,5141,3437.33333333333,3253.56666666667,3614.4,55.1666666666667,51.6,58.3666666666667,149.266666666667,136.233333333333,162.766666666667,74.6333333333333,69.2,80.2,-0.00143516232384662,-0.00611263946632122,0.00289809909878843,0.143821495644264,0.135587445690455,0.150734207712229,-0.182926222448372,-0.206128516040987,-0.160098903473284,0.00108117836292169,0.00102655315757731,0.00113709648032252,0.00507682641065763,0.00489348644736946,0.00526718379684573
1030,30,22370.8333333333,21805.9666666667,22970.2,85413.6,78083.5,93336.6,5106.93333333333,5085,5128,3898.36666666667,3709.03333333333,4068,41.7666666666667,38.3,45.5333333333333,137.2,124,151.333333333333,65.1,60.3,70.3666666666667,-0.00304453951619157,-0.00835313563896331,0.00229986054802519,0.136166487525518,0.127736976859299,0.143610207951628,-0.127675194109251,-0.153457090085867,-0.101089873293178,0.000818575234953647,0.000770626143942739,0.000863667563695738,0.00405312891330243,0.00386770913206222,0.0041935535121765
1040,30,22833.0666666667,22213.5666666667,23462,66301.3,59129.6,73771.8666666667,5144.33333333333,5125,5163.06666666667,4354.3,4174.36666666667,4518.8,34.9666666666667,31.8333333333333,37.9,130.833333333333,118.466666666667,142.533333333333,57.9,53,63.0333333333333,0.00748746179889036,0.00159385418566153,0.0137982162462602,0.120827922225822,0.109503927908799,0.132326694989578,-0.112234072971457,-0.138253553191144,-0.0869295396102219,0.000687252049082743,0.000641103385601883,0.000735838403283158,0.00338679393706462,0.00325394741293895,0.00352144162505647
1050,30,22370.2,21799.1333333333,22864.2,49161.4666666667,43430.3,55613.3333333333,5135.06666666667,5112.83333333333,5156.06666666667,4777.03333333333,4638.76666666667,4904.46666666667,29.5,26.3666666666667,32.7666666666667,125.4,113.5,138.433333333333,54,49.4666666666667,59.0333333333333,-0.0017000633493375,-0.0076771208417938,0.00347905196838087,0.100871994224826,0.086384438598238,0.113846858979762,-0.0664390509706887,-0.0962588162098169,-0.0366132841712034,0.000574628653648017,0.000532166284744841,0.000615538510102676,0.00289935737476244,0.00278311514341208,0.0030105001649328
1060,30,22099.1666666667,21507.9,22700.2,34978.9666666667,31034.9666666667,39093.2666666667,5131.5,5110.5,5153.03333333333,5081.26666666667,4978.16666666667,5172.83333333333,27.7333333333333,24.9,30.5333333333333,123.133333333333,110.333333333333,136.7,51.4,46.7333333333333,55.9666666666667,-0.000508642848825366,-0.00726974550697564,0.00608233019672333,0.0663996801598703,0.0539288575524645,0.07941211742999,-0.0471223684387272,-0.0835388752641665,-0.0142194719838958,0.000541035423356454,0.000501037272907504,0.000579645409115582,0.00259106124834639,0.00246980688799141,0.00270496132083132
1070,30,22139.4333333333,21648.6666666667,22652.9666666667,26473.4333333333,24011.0666666667,29061.1666666667,5141.2,5123,5158.6,5265.16666666667,5212.26666666667,5314.26666666667,24.9666666666667,21.9333333333333,27.9333333333333,124.266666666667,112.9,136.733333333333,49.5,44.4,54.3333333333333,0.00203136029591921,-0.00340493512749976,0.0074080926378379,0.0377305818605322,0.026824365126116,0.0499690333353357,-0.0381851267642557,-0.0684671654423262,-0.0123264191391514,0.00048826794607582,0.000451846095853676,0.000526873289439629,0.00246285821025439,0.00235930359676284,0.00257572264502768
1080,30,22051.9,21461.9333333333,22621.3,21723,20399.6,23237.1333333333,5146.1,5127.4,5165.1,5377.46666666667,5347.53333333333,5402.03333333333,23.8666666666667,20.9666666666667,26.4666666666667,118.633333333333,106.233333333333,131.133333333333,47.3666666666667,42.2666666666667,52.3,0.00105292201588288,-0.00419127979558192,0.00594330383080569,0.021864211757731,0.0139868945448894,0.0302841465863794,-0.0431199908118333,-0.0676196819879711,-0.014812247110292,0.000464987463146401,0.000427177874529446,0.000504076196730367,0.00226885386071917,0.0021623346830068,0.00237394217572514
1090,30,21969.2333333333,21572.4666666667,22408.6333333333,19061.3,18404.6,19801.3333333333,5131.36666666667,5109.83333333333,5153.8,5414.03333333333,5389.7,5437.76666666667,21.6333333333333,19.1333333333333,24.3666666666667,116.633333333333,104,129.3,46.8666666666667,42.1333333333333,51.5666666666667,-0.00273293114386573,-0.00870463147980127,0.00409100657604255,0.00694322681193997,0.0015375070818743,0.0124608747650393,-0.00850460410647498,-0.0327231210523765,0.0150187261994371,0.000421597853475448,0.000385573768253777,0.000457566367486666,0.00218833276906632,0.00208332642013116,0.00229490502306345
1100,30,22074.7666666667,21282.9666666667,22744.9333333333,17997.0666666667,17386.2,18524.5666666667,5139.9,5121.06666666667,5159.96666666667,5438.73333333333,5418.53333333333,5461.43333333333,19.9666666666667,17.7666666666667,22.2666666666667,117.933333333333,105.5,130.633333333333,45.5,40.7333333333333,50.3666666666667,0.00179777882376656,-0.00369961695645973,0.00736888951694125,0.0046530172175836,0.000392964445407519,0.00907006888472358,-0.0293839110930649,-0.0513809014739345,-0.00573696930057118,0.000389913945543529,0.000360153212453257,0.000421181308540258,0.00220366040621449,0.00209769542221097,0.00231356110340722
1110,30,21752.5,21147.3,22413.7333333333,17521.5,16997.6666666667,18040.8333333333,5158.73333333333,5139.6,5178.16666666667,5456.26666666667,5436.2,5472.4,20.7,17.9,23.5666666666667,112.1,99.1333333333333,123.766666666667,43.9666666666667,39.1333333333333,49.1666666666667,0.0037584191044598,-0.00129058680600748,0.0083261383149144,0.00329332112501875,-0.000359735608581054,0.0069492019430238,-0.0390004326057571,-0.0635106245780725,-0.0130560551027989,0.000403502432257729,0.000367527564644114,0.000440280822343861,0.00208760148531303,0.00196949413270701,0.0022017564044088
1120,30,21512.3666666667,20885.6666666667,22080.6666666667,16945.7,16345.2,17661.8333333333,5144.4,5118.9,5168.93333333333,5468.06666666667,5441.76666666667,5496.56666666667,18.9,16.2333333333333,21.8,109.4,95.5,122.166666666667,42.7,37.7,47.4666666666667,-0.0027017594080227,-0.00790359830818178,0.00233075660463764,0.00219664877740546,-0.00273431730625191,0.00715237971617804,-0.0282874221673628,-0.0639285991198583,0.00307292922775177,0.000367333372907981,0.000332855622219055,0.000403417423833584,0.00202993581693827,0.00192351312690812,0.00213709861697285
1130,30,21805.4666666667,21238.5333333333,22400.2,16881.0666666667,16380.3,17381.4333333333,5147.53333333333,5127.9,5166.13333333333,5457.33333333333,5439.2,5472.93333333333,17.6,15.1333333333333,19.9666666666667,105.7,92.1333333333333,118.9,40.3666666666667,35.4666666666667,45.3,0.00081113961416848,-0.00557526887501122,0.00700515282923896,-0.00180516846803295,-0.00658626082762372,0.00305393125838172,-0.0522231877817865,-0.0766664476518877,-0.0261971331028815,0.000342397194190277,0.000311505928544232,0.00037400702350012,0.00195667355755756,0.0018503312518973,0.00205473224184195
1140,30,21789.5666666667,21155.9666666667,22422.0666666667,17010.5333333333,16541.9333333333,17473.8666666667,5149.26666666667,5122.26666666667,5174.33333333333,5479.46666666667,5461.06666666667,5498.6,17.7333333333333,15.1333333333333,20.8,96.0333333333333,83.8333333333333,107.6,40,34.8666666666667,44.8,0.000454407025322407,-0.00580958843062378,0.0068413922235794,0.00408515559134479,0.000954535885186383,0.00733220618769844,-0.00755881677359,-0.04152075483242,0.0278553419410531,0.000345321903052367,0.000313957101062705,0.000377292509929991,0.0017782989539279,0.00167395848306696,0.00187293093273949
1150,30,21541.1666666667,20835,22248.7,16592.9,16085.9666666667,17106.1333333333,5147.16666666667,5122.53333333333,5172.63333333333,5486.16666666667,5460.86666666667,5511.7,17.6333333333333,15.7,19.5666666666667,98.6666666666667,86.6666666666667,111.766666666667,38.8333333333333,34.9333333333333,43.4,-0.000203274016248375,-0.00743523134572442,0.00629745262811408,0.00127683692529847,-0.00352602077724646,0.00597379699004341,-0.0132367881523846,-0.0598683788287046,0.0300300744490294,0.000342959440029201,0.000309201638036671,0.00037144575918282,0.00182165198805387,0.00172406761375578,0.00192077246590449
1160,30,21622.9333333333,21050.6666666667,22253.3,16518.8666666667,16007.8,17038.7,5149.46666666667,5126.9,5169.46666666667,5477.73333333333,5459.56666666667,5498.83333333333,16.1,13.6666666666667,18.6333333333333,94.7666666666667,83,106.6,36.5333333333333,32.3,41.4333333333333,0.00063773104757302,-0.00621744274746682,0.00670751829751448,-0.00141484385346057,-0.00610474237545152,0.00301668979546514,-0.0664723102084973,-0.096778669554992,-0.037276295504255,0.000313447455228682,0.000284013316452014,0.00034586341239024,0.00174517856174614,0.00164867710386253,0.00183645902815894
1170,30,21628.9666666667,21059.9,22190.6,16413.7666666667,15807.5666666667,16983.3666666667,5151.76666666667,5134.1,5170.33333333333,5475.1,5455.6,5494.93333333333,16.2333333333333,13.5333333333333,18.9333333333333,89.1333333333333,77.6333333333333,101.133333333333,35.5333333333333,31.0333333333333,40.1,0.000594112433824954,-0.00501370206754821,0.00617791300619997,-0.000422821982272246,-0.00456438446392256,0.00318694037115101,-0.0247454546174664,-0.0527726278110935,0.00332303953742277,0.000315391637788952,0.000284559440402188,0.000346248981878248,0.00164394407541343,0.00155142786815696,0.00173931596080833
1180,30,21415.6333333333,20882.5666666667,21926.3666666667,16499.9,15982.0666666667,17065.2666666667,5164.13333333333,5143.03333333333,5184.33333333333,5497.56666666667,5476.03333333333,5517.76666666667,16.1333333333333,13.5333333333333,18.9,86.8333333333333,74.9,98.6333333333333,34.5,30.2666666666667,38.4666666666667,0.00250410241346345,-0.00296476956241488,0.00778754975426411,0.00418769879875274,-0.000953997573124598,0.0086478972174669,-0.0182343828245496,-0.0517256524992579,0.0186773169414003,0.000314129222779764,0.000281131877730269,0.000343068688395617,0.0016007728530337,0.0015131527016908,0.00169197133414773
1190,30,21581.6,21148.3333333333,22054.1,15868.2,15415.4,16312.4,5144.7,5127.7,5162.23333333333,5508.36666666667,5484.23333333333,5531.53333333333,14.8666666666667,12.8333333333333,16.7666666666667,84.7666666666667,75.4666666666667,94.7666666666667,34.1666666666667,29.9333333333333,38.5666666666667,-0.00362415748306562,-0.0090441667657653,0.00151320013369417,0.00202753522001535,-0.00269804668578607,0.00638635099584563,-0.00663591424771787,-0.0436879022447343,0.027346127665151,0.000288673116305511,0.000260829927604327,0.000316944908123809,0.00155661651535479,0.00146322225438535,0.00163614970426522
1200,30,21792.8,21121.5333333333,22473.3,15913.5666666667,15456.0333333333,16393.6333333333,5148,5122.9,5173.8,5489.5,5473.26666666667,5505.16666666667,16.7666666666667,14.5,18.8333333333333,86.5666666666667,75.4,99.1666666666667,32.7666666666667,28.7333333333333,36.8333333333333,0.000710056149275405,-0.0046459174829333,0.00656909587364707,-0.00332545349864413,-0.00749312717851567,0.000522980978040669,-0.0402658975087332,-0.0696094639429624,-0.0112102127205211,0.000326510300463316,0.000295581462578399,0.00035702870466134,0.00158936252380348,0.00150551168213772,0.00168314819273225
1210,30,21666.2666666667,20985.9333333333,22323.8333333333,16370.8,15899.1333333333,16796.2666666667,5166.63333333333,5147.83333333333,5185.1,5498.26666666667,5479.63333333333,5516.36666666667,15.2666666666667,13,17.3666666666667,80.0666666666667,69.0333333333333,91.7333333333333,31.7666666666667,27.5,36.2333333333333,0.00379366741858966,-0.00207248988855983,0.00967347345505995,0.00163494838458753,-0.00182062210502282,0.00503137674545687,-0.0299812926909933,-0.0641579092539065,0.00781616303950607,0.000296929642827396,0.00026854607037081,0.000326414629576259,0.00147192413232879,0.00138260613781013,0.00155554030684631
1220,30,21548.6,20961,22138.5333333333,15802.6333333333,15319.5333333333,16252.7666666667,5138.33333333333,5114.13333333333,5162.53333333333,5499.53333333333,5477.9,5521.7,14.1,12,16.4333333333333,77.5333333333333,66.7,88.8,30.9333333333333,26.4333333333333,35.5,-0.00541149887522047,-0.0105850301405076,-0.000540357994900552,0.000265072965733976,-0.00349110833391957,0.00412946881295354,-0.0354856228975142,-0.0736694828723937,-0.00097200966038718,0.000273523013915657,0.000244439236847623,0.000303142239916369,0.00142351360252945,0.00133774415107939,0.00150552723838316
1230,30,21770.3,21151.6,22381.1333333333,15990.8666666667,15455.8,16525.1666666667,5135.33333333333,5110.56666666667,5156.23333333333,5484.26666666667,5466.96666666667,5500.86666666667,13.7666666666667,11.1666666666667,16.5666666666667,75.7,63.2,88,29.7333333333333,24.6666666666667,34.1666666666667,-0.000383838528558135,-0.00767413663250758,0.0066744386125528,-0.00268193795718166,-0.00710065714037085,0.00148076165111221,-0.0464254998757784,-0.0790243341792239,-0.016774040342716,0.000268737288194521,0.00023814415807531,0.0002988345955116,0.00139077028808165,0.0013020287423798,0.00147906482066306
1240,30,21788.9333333333,21255.3,22316.3,16158.6,15666.7666666667,16694.6,5160.63333333333,5139.56666666667,5181.46666666667,5522.26666666667,5498.73333333333,5546.16666666667,13.9,11.4,16.4,72.4666666666667,61.6666666666667,84.5,29.5666666666667,25.2333333333333,33.9,0.00509679403413033,-0.00128666787486319,0.0107823395722151,0.00696926731119794,0.00257511947867867,0.0110758511413925,0.00798843301761926,-0.030252701242132,0.0477229012890663,0.000271107928053285,0.000241864955827905,0.000304814458594425,0.00133261198942799,0.00124673560063028,0.00142925225408898
1250,30,21323.5666666667,20815.2333333333,21903.7,15559.8,14953.6333333333,16142.2666666667,5158.9,5140.9,5176.26666666667,5508.5,5492.8,5523.06666666667,13.4333333333333,11.1666666666667,15.9333333333333,74.2,63.3333333333333,84.9,28.5,24.2666666666667,32.4666666666667,-0.000199865429575929,-0.00612395310967629,0.00480446129821162,-0.00239784185985779,-0.00629239048662803,0.00137941288490897,-0.0276657712918402,-0.0602969719125793,0.0152093474193095,0.000261175288341161,0.000235201613802782,0.000289748321205071,0.00135730932746008,0.0012756782138626,0.00144120991644887
1260,30,21256.3666666667,20703.6,21788.3333333333,15982.2,15545.4333333333,16442.5666666667,5158.03333333333,5135.73333333333,5180.36666666667,5502.33333333333,5482.13333333333,5521.8,14.2333333333333,11.6333333333333,17.1666666666667,69.6666666666667,59.4333333333333,79.4666666666667,27.7333333333333,23.5666666666667,31.6666666666667,-5.92902044820531e-05,-0.0058970518430156,0.00570691291521716,-0.00109835211240007,-0.00445185180919226,0.00199949753642053,-0.0145263502403337,-0.0549247297020262,0.0282783271322848,0.000276254971102743,0.000249718451157359,0.000307324362847611,0.00127589415476908,0.00119076898914714,0.0013584131605238
1270,30,21344.1,20806.8333333333,21894.8333333333,15899.7333333333,15272.0333333333,16473.6666666667,5150.23333333333,5127.33333333333,5174.36666666667,5508.23333333333,5487.1,5529.43333333333,13.1666666666667,10.9666666666667,15.3,67.4333333333333,57.2,77.1,27.2,23.7666666666667,31.3666666666667,-0.00136037034422809,-0.00752565233822138,0.00494794728372444,0.00112522271030209,-0.00259803454635183,0.00502590072690457,-0.0090974671185038,-0.0573044993606063,0.0414181120254693,0.000255991758090072,0.000229043346678657,0.00028458327292487,0.00123627340650241,0.00115586891573069,0.00131925663139493
1280,30,21366.6666666667,20687.9666666667,22062.7666666667,15819.0333333333,15229.6666666667,16377.9333333333,5160.16666666667,5137.5,5180.06666666667,5508.9,5490.76666666667,5527.8,10.9,8.86666666666667,13.2,64.4666666666667,56.1666666666667,72.7666666666667,26.3,22.8333333333333,29.7666666666667,0.00208923721181386,-0.00413451735613928,0.00811184897034586,0.000213251348911913,-0.00421461842039503,0.00448719759909639,-0.0180080952663512,-0.0658422661789535,0.0284296536796537,0.000212238676068787,0.000186986546093404,0.000237740868529265,0.00117949935401489,0.00110623308958449,0.00125840379745962
1290,30,21403.3333333333,20925.4666666667,21919.2333333333,15755.1,15204.8,16283,5166.3,5148.7,5185.46666666667,5509.76666666667,5487.33333333333,5531.6,10.4666666666667,8.96666666666667,12.0666666666667,65.2666666666667,54.8333333333333,74.2666666666667,25.4666666666667,21.9,29.3,0.00133357667811069,-0.00447507780760403,0.00704841558272164,0.000227279973214118,-0.00397545968777088,0.00460780299821825,-0.0309551066260783,-0.070114029118157,0.00880945411555619,0.000202894440807464,0.000180346079267928,0.000227562877570727,0.00119356190285046,0.00111485737742254,0.00126279441430465
1300,30,21257.8,20675.2,21822.9666666667,15704.7666666667,15193.8333333333,16220.1666666667,5149.16666666667,5126.76666666667,5170.8,5490.16666666667,5475,5505.46666666667,11.9,9.7,14.0666666666667,64.1,56.4333333333333,72.4333333333333,25.5,22.0666666666667,29.2,-0.00316137930797328,-0.0103266189077917,0.00300665234269295,-0.00343968194709761,-0.00800839863715554,0.00121566517912623,0.00107008867337213,-0.0394592670742716,0.0463914794969026,0.000230101151509963,0.000203019731963651,0.000256475510338581,0.00117289405490317,0.00110059245725643,0.00124346325452161
1310,30,21566.8333333333,20946.7333333333,22152.7666666667,16296.5,15843.7,16722.2,5158.66666666667,5136.43333333333,5179.86666666667,5513.16666666667,5493.16666666667,5533.73333333333,11.9,9.33333333333333,14.4,61.1333333333333,51.8,70.2,25.2333333333333,21.5666666666667,29.1333333333333,0.00202557721607108,-0.00461187212226477,0.00912728182529912,0.00421120586935045,0.000997032336944485,0.00748403020136375,-0.00342491074430178,-0.0520019640862097,0.0452424527412595,0.000231622355584926,0.000205916714000335,0.000260084490452028,0.00112172244541731,0.00104698591476986,0.00119331928582103
1320,30,21174.2666666667,20554.9333333333,21740.4666666667,15892.8333333333,15343.8,16401.8666666667,5171.06666666667,5153.73333333333,5189.33333333333,5509.83333333333,5490.16666666667,5529.76666666667,12,9.76666666666667,14.3,63.1666666666667,53.8666666666667,73.1666666666667,23.5666666666667,19.7,27.5333333333333,0.00256481904501909,-0.00294990406664763,0.00854182544646162,-0.000541797144306302,-0.0047152898638709,0.00366416944687754,-0.0775733533779466,-0.116606322488675,-0.037443154969524,0.000233414518375799,0.000204930430681617,0.000262581289163231,0.00115485032188343,0.001081577150552,0.00123146365667756
1330,30,21014.9666666667,20501.2333333333,21498.1,15664.3333333333,15233.4333333333,16077.4333333333,5167.13333333333,5146.03333333333,5187.96666666667,5504.26666666667,5487.73333333333,5519.7,10.6666666666667,8.66666666666667,12.8666666666667,56.3333333333333,46.4666666666667,66.7,22.6666666666667,19.2666666666667,26.3666666666667,-0.000702285869138967,-0.00581695621808437,0.00362379606255946,-0.000928391197691566,-0.00502898890589748,0.00267293890086975,-0.0219680717633304,-0.0640413471095759,0.0217280240200426,0.000206271118568718,0.000181658796563935,0.000232686796759007,0.00103007563454102,0.000947602154454693,0.00110632052131174
1340,30,21614.1,21082.1666666667,22145.2333333333,15708.9,15193.6333333333,16205,5130.4,5112.03333333333,5148.43333333333,5526.2,5503.96666666667,5548.2,10.0333333333333,8.06666666666667,12.1,54.3333333333333,45.8333333333333,61.8333333333333,22.7,19.3333333333333,26.1,-0.00695052632275814,-0.0127433085775685,-0.00118500383202382,0.00402633379607002,-6.1947870957797e-05,0.00846005160926632,0.0144855457450457,-0.0375317568323188,0.0690707857228771,0.000194592678028246,0.000169970057531145,0.000217520356739215,0.000992613291043536,0.000928912041122425,0.0010553533925585
1350,30,22008.8,21456.3333333333,22530.3666666667,15174.3,14545.8,15764.2666666667,5161.56666666667,5136.23333333333,5189.46666666667,5528,5509.43333333333,5544.1,11,8.9,13.1333333333333,55.2,46.8666666666667,63.6666666666667,21.4666666666667,18.0333333333333,25.3666666666667,0.00616166039574876,0.000277014882539108,0.0118359545202974,0.000437617073095485,-0.00436102996315329,0.00476638831073798,-0.0429469823173895,-0.0942639674346009,0.00800272571465863,0.000214885303595083,0.000189429459019927,0.000242159277481608,0.0010057101037617,0.000935120744483496,0.00107840108256468
1360,30,21494.8333333333,20903.1666666667,22050.4,15444.9333333333,15083.2,15854.6,5151.33333333333,5132.63333333333,5168.66666666667,5515.9,5499.83333333333,5533.03333333333,9.96666666666667,8.13333333333333,11.8333333333333,51.8666666666667,43.0666666666667,61.3666666666667,20.7,17.4333333333333,23.9666666666667,-0.00171827659594107,-0.00876920612721424,0.00510881077071153,-0.00210416623465827,-0.00639587369129456,0.0024676054209271,-0.028123873644481,-0.0801158221995303,0.0282566662443048,0.000193593873563323,0.000170250518729131,0.000219162913817837,0.000942983074878941,0.000877337936679932,0.00100909089802495
1370,30,21748.5333333333,21282.8666666667,22215.2666666667,15536.2333333333,15040,15995.7,5148.53333333333,5122.4,5173.16666666667,5518.16666666667,5500.86666666667,5536.03333333333,8.4,6.9,9.93333333333333,50.6666666666667,42.7333333333333,59.0666666666667,20.0666666666667,16.8666666666667,23.4333333333333,-0.000468138311353058,-0.00628302601350707,0.00501302836204945,0.000461519280093412,-0.00352212115732908,0.00416166618177421,-0.0280408292185332,-0.0719584316114511,0.0184381105727576,0.000163258673104111,0.000142432969718263,0.000184728982829937,0.000925301370685313,0.000856360903777624,0.000992675009915868
1380,30,21715.5666666667,21257.8333333333,22184.6,15510.4333333333,15119.5666666667,15919.3,5149.4,5129.13333333333,5170.33333333333,5536.83333333333,5517.73333333333,5558.4,9.1,7.26666666666667,10.9666666666667,49.0333333333333,41.1666666666667,57.1666666666667,19.2666666666667,16.4333333333333,22.0666666666667,0.000411804616375052,-0.00680277016312159,0.0074288763696014,0.00344377956713574,-0.00104563967365515,0.00748662561654418,-0.0240361892780536,-0.0768221956842646,0.0294942841322151,0.000177142338599414,0.000153964657685896,0.000203090995487509,0.000894328665750595,0.000828594147848389,0.000959925229706838
1390,30,21834.8333333333,21307.9,22376.4,15289.2333333333,14823.8333333333,15741.5,5138.36666666667,5122.06666666667,5154.46666666667,5530.23333333333,5511.26666666667,5546.46666666667,8.66666666666667,7.16666666666667,10.3333333333333,48.9666666666667,40.9,56.9,18.4666666666667,15.6,21.4,-0.00200959949063361,-0.00718335430258643,0.00332093351336127,-0.00111284890114413,-0.00517648230058636,0.00324281668882838,-0.0547141870184247,-0.0998819066019217,-0.012179531421925,0.000168408792655993,0.000147804273933984,0.000188809318295101,0.000891266534520621,0.00082957040239802,0.000950112030323893
1400,30,22028.9333333333,21648.9,22411.0666666667,14808.4,14303.2333333333,15358.1333333333,5156.96666666667,5138,5175.13333333333,5532.6,5507.36666666667,5558.06666666667,8.43333333333333,6.56666666666667,10.4666666666667,44.4666666666667,37.5333333333333,51.8,18.6666666666667,15.5333333333333,21.9333333333333,0.00372205289227156,-0.00220818499261991,0.0089479944421774,0.000493969093754431,-0.00451544914457037,0.00556078669475187,0.010285470963939,-0.0361021160819922,0.0595500086128269,0.000164540797777165,0.000140961901355316,0.000187911875456981,0.000808800461097787,0.00075254603892027,0.000864217876147158
1410,30,21370.5333333333,20866.1333333333,21848.2333333333,15219,14578.6333333333,15834.8,5156.9,5135.4,5178.56666666667,5527.63333333333,5511.83333333333,5545.5,8.76666666666667,6.83333333333333,10.8333333333333,44.5666666666667,36.8333333333333,52.4666666666667,18.4,15.1333333333333,21.5666666666667,0.000106875474685402,-0.00545679983638635,0.00651215174171529,-0.000779316558024749,-0.00518046349013408,0.00400503832938516,-0.0253107186220997,-0.0912328878850618,0.0444737288854936,0.000170158081747139,0.000146109391702487,0.000194824253016452,0.000812425717655653,0.000756985830447529,0.000871128726934567
1420,30,21371.4333333333,20730,21938.4333333333,15424.4,14949.8333333333,15917.9333333333,5161.66666666667,5141.23333333333,5182.83333333333,5531.86666666667,5516.8,5548.46666666667,8.26666666666667,6.56666666666667,10.0333333333333,46.4,37.8,55.8333333333333,18.2666666666667,15.2666666666667,21.4333333333333,0.00108011074820267,-0.00510819661501115,0.00734686529474406,0.00081058943092281,-0.00252491999386975,0.00399210537318995,0.0177096179844682,-0.0373107061275609,0.0830680007339046,0.000160629997145193,0.000140156335920789,0.000181511912590594,0.000845000330562495,0.000781015262050157,0.000912770164607552
1430,30,21073.9,20551.2666666667,21576.9333333333,15407.3666666667,15085.3666666667,15723.7666666667,5157.76666666667,5141.26666666667,5173.46666666667,5519.8,5500.03333333333,5540.13333333333,8.6,6.7,10.6666666666667,45.6,37.0333333333333,55.3333333333333,17.3333333333333,14.4,20.2333333333333,-0.000618204343278573,-0.00603839906474565,0.00475510610112918,-0.00212012651506155,-0.00683569023685627,0.00224207914977998,-0.0528052030685776,-0.0966351478703893,-0.00631504011598702,0.000167039469678713,0.000145067579712891,0.000189990441399284,0.000829005150708981,0.000765305994165935,0.000891193994547312
1440,30,21178.5,20646.7333333333,21679,15544.7,15059,16004.3,5157.8,5138.5,5180.03333333333,5521,5501.26666666667,5541.5,7.5,6.16666666666667,8.76666666666667,43.4333333333333,36.1333333333333,50.4,17.4333333333333,14.3333333333333,20.7333333333333,6.70560785906509e-05,-0.00438229673693665,0.00452596357017036,0.000304977369161852,-0.00457392556523485,0.00508425166061211,0.00591900883280194,-0.0528817293817294,0.0635976284252147,0.00014544521536459,0.000126659510598724,0.000165377248625352,0.000792641211399979,0.000735163900508461,0.000857312345101816
1450,30,21496.9,20958.4666666667,22051.8666666667,15468.9,14784.6,16038.2,5157.6,5142.06666666667,5174.73333333333,5533.1,5512.46666666667,5552.8,7.76666666666667,6.03333333333333,9.83333333333333,43.5333333333333,34,52.7333333333333,16.7333333333333,13.7666666666667,20.2,9.59749176193612e-05,-0.00543466615266644,0.00510818456602958,0.00224208047987149,-0.00142220924928414,0.00589102318753199,-0.0444526676632961,-0.0917879883528367,-0.00108806204710886,0.000151088448828398,0.000128056114182886,0.000174868337353863,0.000793083303238997,0.0007282395771262,0.000859332667938638
1460,30,21377.8666666667,20973.6,21779.1666666667,15217.2333333333,14725.3333333333,15703.8666666667,5170.43333333333,5150.86666666667,5187.76666666667,5537.76666666667,5520.16666666667,5554.43333333333,7.83333333333333,6.33333333333333,9.3,41.8333333333333,33.3333333333333,50.3333333333333,16.5,13.1666666666667,19.8666666666667,0.00258400580060228,-0.00270973096106548,0.00779593304228342,0.000930673824874166,-0.00357121823711037,0.00517809927195834,-0.0353066247193854,-0.108112157068777,0.0323349830805971,0.000152034446167337,0.000131518862883346,0.000172083168869481,0.000760290718068183,0.000696143676823609,0.000820189156971805
1470,30,21023.8666666667,20543.2666666667,21514.5333333333,15047.3333333333,14577.8,15628.1333333333,5163.53333333333,5146.63333333333,5180.46666666667,5531.13333333333,5516.16666666667,5544.56666666667,7.56666666666667,5.73333333333333,9.56666666666667,39.1666666666667,31.4333333333333,48.0333333333333,16.2666666666667,13.2333333333333,19.5666666666667,-0.00120933396260345,-0.00680619672665458,0.00421092890768785,-0.00114997375670934,-0.00395565569169978,0.00197591189837087,0.0198718842743057,-0.0537183630521227,0.108626699578354,0.000146599326986875,0.000123970860312404,0.000169865050733074,0.000712450538258647,0.000651271899278514,0.000772557841813333
1480,30,21315.1666666667,20684.4333333333,21954.0666666667,15242.2,14767.4333333333,15641.2333333333,5162,5140.1,5184.8,5535.6,5516.83333333333,5552.6,7.13333333333333,5.4,9.13333333333333,41.7,32.9666666666667,50.5333333333333,15.3666666666667,12.6666666666667,18.4333333333333,-0.000241506844333771,-0.00464273079636262,0.00421734861682963,0.000860072107445786,-0.00334680009672064,0.00513691933037511,-0.0382113714437961,-0.0935916203085651,0.0133248831778244,0.000138189206185308,0.000117714789451587,0.000158297770005386,0.000758746336696519,0.00069261455571451,0.00082040931492673
1490,30,21232.4666666667,20569.4333333333,21862.2666666667,15301.1666666667,14918.7666666667,15692.4333333333,5161.8,5137.53333333333,5184.46666666667,5533.1,5518.73333333333,5545.73333333333,6.63333333333333,5.1,8.16666666666667,37.4,30.9,44.7333333333333,15.3,12.3,18.6,8.37502279168454e-05,-0.00597202342204451,0.00584699254406691,-0.000379682457642798,-0.00401068959486308,0.00324129236207453,0.0387865689463788,-0.0433652687244641,0.13868139643502,0.000128706931318958,0.000109839576755081,0.000150219288623219,0.000678991458275876,0.000623546719329804,0.000735289391270469
1500,30,21171.3666666667,20553.0333333333,21789.5333333333,15400.3,15018.5333333333,15805.2,5162.36666666667,5141.33333333333,5183.96666666667,5516.33333333333,5502.23333333333,5530.73333333333,6.76666666666667,5.23333333333333,8.5,37.3666666666667,29.7333333333333,45.4666666666667,14.7666666666667,11.9333333333333,17.6666666666667,0.000294691165394754,-0.00648253269235936,0.00673269315747556,-0.00297294670662747,-0.00691899489438119,0.00122790713511428,-0.0451471352721352,-0.102891784141784,0.0142216810966812,0.000131191979505665,0.0001110675130977,0.000151307853960579,0.000678179634247558,0.000614876290032734,0.000734787997452366
1510,30,21320.0666666667,20763.2333333333,21804.2,15313.4333333333,14880.3666666667,15810.1666666667,5154.3,5131.96666666667,5175.7,5530.26666666667,5512.96666666667,5548.43333333333,7.16666666666667,5.26666666666667,9.23333333333333,34.4666666666667,26.8,42.7,14.7,11.6333333333333,18.2666666666667,-0.00145291426587539,-0.00683958414822705,0.00347463168813876,0.00255743328835734,-0.000997015661671972,0.00622021735854692,0.0664400829787078,-0.0711372251907057,0.260464467620665,0.00013919092070174,0.000118515515234562,0.000159004226356599,0.000627955688403193,0.000568745075203,0.000681152423504307
1520,30,21327.8333333333,20749.8,21902.4333333333,15086.0333333333,14519.4333333333,15643.3333333333,5166.96666666667,5146.73333333333,5185.66666666667,5543.7,5524.73333333333,5561.56666666667,7.43333333333333,5.83333333333333,9.13333333333333,36.5,28.1333333333333,45.8666666666667,13.8333333333333,11.0666666666667,17.0333333333333,0.0026182583563791,-0.00366351526534358,0.00874488027926417,0.0024853302547579,-0.00117026800104491,0.00626195014380789,-0.0347826886797475,-0.0988652537181949,0.0388632663632663,0.000144465130926828,0.000125081337792858,0.00016375485756294,0.000665363148507943,0.000598939480307642,0.000724584595853217
1530,30,21226.5,20795.1,21647.4,15158.7666666667,14672.7,15643.9,5162.06666666667,5144.4,5178.7,5542.86666666667,5527.83333333333,5558.4,6.5,4.8,8.46666666666667,34.3333333333333,27.3,42.2666666666667,13.5333333333333,10.5333333333333,16.7666666666667,-0.000842321376899754,-0.00616289170019491,0.00416925410061217,-9.57475937390907e-05,-0.00323768285923427,0.00321637738410591,-0.00596951709567805,-0.0771494299474175,0.0832059180356395,0.000125897142941357,0.00010567993599233,0.000149613041321184,0.000622879768321244,0.000565666771499179,0.000675228450764311
1540,30,21221.2666666667,20750.2666666667,21714.7,15041.4333333333,14538.7666666667,15525.1333333333,5170,5151.53333333333,5189.4,5529.36666666667,5506.76666666667,5553.4,6.7,5.33333333333333,8.23333333333333,32.5333333333333,25.3333333333333,40.9,12.8,9.96666666666667,15.6333333333333,0.00161813805688551,-0.0030244113972001,0.00672020328022227,-0.00237792618663898,-0.00711248243703641,0.00252270200542955,-0.0576060894920544,-0.10701664806928,-0.00785284403705466,0.000129916460400758,0.000111015718520572,0.000148481500634651,0.000590466703893134,0.000533888862411351,0.000650693128768031
1550,30,21337.2666666667,20864.9333333333,21815.5666666667,15162.9666666667,14685.9666666667,15581.7666666667,5128.96666666667,5115.13333333333,5143.5,5528.8,5508.06666666667,5548.46666666667,5.83333333333333,4.1,7.9,31.8333333333333,24.9666666666667,38.8,13.3333333333333,10.4333333333333,16.2333333333333,-0.00781549768921385,-0.0130191172749413,-0.00299600372283927,4.67131137342296e-05,-0.00564248160617552,0.00604988898668263,0.0168260880368724,-0.0535781520585442,0.0862328729730691,0.000112928447465262,9.22640619568597e-05,0.000132918337265877,0.000578868366158467,0.000527290967357895,0.000630518706881511
1560,30,22265,21881.8666666667,22645.0666666667,15312.7666666667,14837.5,15750.1,5149.13333333333,5131.4,5167.9,5538.66666666667,5519.86666666667,5557.06666666667,6.06666666666667,4.53333333333333,7.8,32.9666666666667,25,41.5666666666667,12.4,9.6,15.4,0.00401245900470545,-0.00109905741287103,0.00929562839428182,0.00185971285801789,-0.00285374246945322,0.00589204545757804,-0.0524459408014998,-0.118343545612148,0.0198855517296298,0.000118443192721311,9.95781473035527e-05,0.000136668139299858,0.000600010419849082,0.000540471772391158,0.000657719836093235
1570,30,21362.2666666667,20919.1,21787.4,15218.4,14780.3666666667,15728,5169.2,5145.86666666667,5188.33333333333,5541.96666666667,5523.2,5560.66666666667,5.8,4.33333333333333,7.33333333333333,31.4,24.5333333333333,38.9666666666667,12.6,9.53333333333333,15.8333333333333,0.00403821004873042,-0.00257318954840282,0.0102652495044281,0.000648179946558454,-0.00274512431297982,0.00442562303573792,-0.0156275317549827,-0.0718870055144565,0.0365401115401116,0.000112914413694264,9.28633111597262e-05,0.00013306069629747,0.000570144997323743,0.000514812282269441,0.000624183836198165
1580,30,21157.4333333333,20542.0666666667,21717.4333333333,14920.8333333333,14404,15429.8,5162.6,5144.13333333333,5182.5,5536,5514.33333333333,5557.93333333333,5.8,4.23333333333333,7.36666666666667,30.6666666666667,23.0666666666667,37.8,12.2,9.56666666666667,14.8333333333333,-0.00113486159803512,-0.00688809122794021,0.00449800477193249,-0.000965862421482766,-0.00613292915707608,0.00431681495195093,0.0639894967636903,-0.0500616391405866,0.229500078774272,0.000112210274055302,9.42368907871787e-05,0.000129594024520734,0.000556861506565427,0.000506959459344257,0.000608979571083919
1590,30,21151.5666666667,20675.4666666667,21706.1,15153.2,14638.8333333333,15688.5333333333,5157.93333333333,5136.33333333333,5181.56666666667,5553.56666666667,5530.46666666667,5575.2,5.3,3.7,6.73333333333333,30.0333333333333,23.5333333333333,37.1,12.1,9.66666666666667,15.1333333333333,-0.000790601191883508,-0.00668365337529453,0.00483787049822144,0.00327727868801117,-0.00239316251970083,0.00860306337216454,0.0215594751464317,-0.0706191740910411,0.115771744595274,0.000102858076978013,8.47091217290512e-05,0.000122590716436009,0.000544298988021561,0.000492810152195514,0.000597268734502161
1600,30,21337.3,20658.5333333333,22040.8,14906.0333333333,14425.7333333333,15383.5666666667,5154.96666666667,5136.43333333333,5174.7,5530.63333333333,5518.6,5542.96666666667,5.73333333333333,4.13333333333333,7.3,30.3333333333333,22.5333333333333,37.5666666666667,11.1666666666667,8.9,13.2666666666667,-0.000432597426052348,-0.00631029448184061,0.00556854261785968,-0.00402549563352516,-0.00795896725717424,-0.00054670647509272,-0.0170216924652409,-0.0896267576509512,0.0527211677211677,0.000111170924070537,9.31316346343335e-05,0.000128710832717232,0.000550498558545081,0.000494496598064917,0.000602257567073256
1610,30,21236.6333333333,20681.3666666667,21758.9666666667,15232.6666666667,14833.1333333333,15623.1,5177.53333333333,5156.2,5200.26666666667,5528.9,5510.46666666667,5547.83333333333,4.56666666666667,3.43333333333333,5.8,26.3,20.5,32.2333333333333,11,8.63333333333333,13.4,0.00452221623635562,-0.00204539617605695,0.0105799926943906,-0.00029552108929201,-0.00344999997671942,0.00298623519491766,-0.0213524657603605,-0.0838455988455988,0.0370758353846589,8.86112293071111e-05,7.12474566236831e-05,0.000105832452496054,0.000477705216389804,0.000429936891201287,0.000529625817970391
1620,30,20991.6333333333,20334.4333333333,21609.6333333333,15500.6333333333,15090.5333333333,15859.6,5160.3,5137.73333333333,5183.36666666667,5533.6,5516.3,5549.56666666667,4.7,3.4,6.1,27.8,21.8,34.0333333333333,10.5,8.1,12.9666666666667,-0.00313907845452115,-0.0105518645771202,0.00316742262847208,0.000914677791186071,-0.00289458226115851,0.00453485460971512,-0.0415327083639104,-0.0936034400382226,0.0126422466422466,9.109903406956e-05,7.68778138180021e-05,0.000106547552960716,0.000505236712607252,0.000461420435116259,0.000550188456666234
1630,30,21534.1,20891.1666666667,22180.8,15358.8,14936.4666666667,15786.6333333333,5136.5,5117,5156.43333333333,5545.26666666667,5530.03333333333,5559.23333333333,5.06666666666667,3.53333333333333,6.7,25.8333333333333,20.1666666666667,32.0666666666667,9.73333333333333,7.56666666666667,12.0666666666667,-0.00447599802240585,-0.0100538313540831,0.000902081111168825,0.00219243293357685,-0.0020318932599176,0.00660156781440911,-0.0979429512421839,-0.169558003803528,-0.0372399985635279,9.84046858740643e-05,8.08228555053381e-05,0.000116531632799001,0.000469260872182733,0.000426834182592341,0.000512979673538984
1640,30,21439.4333333333,20868.6,21903.3666666667,15171.6,14693.7666666667,15595.2333333333,5156.5,5141.46666666667,5171.13333333333,5540.4,5520,5563.43333333333,4.66666666666667,3.3,6,23.1666666666667,17.9,28.9333333333333,9.43333333333333,7.36666666666667,11.6,0.00398108471713446,-6.91530670481727e-05,0.00803077885803385,-0.000845173501961185,-0.00500600153785531,0.00301483659006836,0.0324358755279808,-0.055225468975469,0.13563302925145,9.10898337308421e-05,7.55442981661669e-05,0.000107390918805787,0.00041970672640987,0.000377545668669126,0.000461901082999658
1650,30,21568.7333333333,21033.9666666667,22102.9,14932.9666666667,14450.9333333333,15423.3,5184.9,5157.6,5209,5542.33333333333,5521.5,5562.36666666667,3.86666666666667,2.73333333333333,5.03333333333333,22.3,16.3333333333333,28.3333333333333,9.53333333333333,7.16666666666667,11.8666666666667,0.00560365577530446,-0.000573453855410875,0.0127752800262764,0.000457941117580795,-0.0048390139224464,0.00559062018216567,0.00353308776245915,-0.0630574765293435,0.0802183791216636,7.50641486034578e-05,6.00885225747294e-05,9.12075417697113e-05,0.000404185566249615,0.000361477505333464,0.000447681726247289
1660,30,20934.8666666667,20415.7666666667,21537.2333333333,15012.5666666667,14622.7333333333,15391.6,5138.43333333333,5117.13333333333,5160.23333333333,5553.96666666667,5537.1,5570.46666666667,3.96666666666667,2.76666666666667,5.4,24.4333333333333,18.0333333333333,30.8333333333333,9.23333333333333,7.06666666666667,11.4333333333333,-0.00878012756596711,-0.015044443058117,-0.00275283063996587,0.00217824454464925,-0.00191698055405327,0.00607448000504077,0.0146002886002886,-0.0759581529581528,0.118491582491583,7.65194563758569e-05,5.99582829256451e-05,9.18914191423175e-05,0.000443033610983685,0.000398710716947191,0.000485562856717368
1670,30,21371.6333333333,20797.1666666667,21964.5666666667,14786.8666666667,14338.7333333333,15183.0333333333,5162.8,5140.66666666667,5184.9,5527.73333333333,5512,5543.86666666667,4.46666666666667,3.2,5.93333333333333,23.2,17.5666666666667,28.8666666666667,8.73333333333333,6.86666666666667,10.9666666666667,0.00491058036482376,-0.00165364405778149,0.0109486514780246,-0.00467435974281919,-0.00805029464223897,-0.0011459952510135,-0.0455979088564228,-0.139442219573798,0.0592711450915785,8.71336031059895e-05,7.27790166940191e-05,0.000102261883473787,0.000419622305625292,0.000378046746381473,0.000460218564731016
1680,30,21239.3333333333,20684.9666666667,21784.5333333333,15011.6666666667,14602.5333333333,15396.2666666667,5166.6,5145.76666666667,5186.8,5563.83333333333,5543.83333333333,5582,4.06666666666667,2.63333333333333,5.56666666666667,20.8,15.2666666666667,26,8.8,6.8,10.9333333333333,0.000902750907667158,-0.00528948930164571,0.00683708202024589,0.00659720769866322,0.00216912570806707,0.0113037365892613,0.0374140844535581,-0.0458002012607276,0.123846263385737,7.87392536641045e-05,6.33728885863419e-05,9.47128041249464e-05,0.000377872844139743,0.000336113948112954,0.000419239886895275
1690,30,21558.4,21049.1,22058.1,14717.5,14338.5333333333,15098.5,5153.3,5134.26666666667,5172.36666666667,5549.63333333333,5533.66666666667,5565.86666666667,3.96666666666667,3.06666666666667,4.83333333333333,22.2,16.3,28.7333333333333,8.3,6.16666666666667,10.5333333333333,-0.00243887376234116,-0.00788572621981714,0.00291030507126829,-0.00244626291824316,-0.00735318266193201,0.00256433843364135,-0.00723223127634886,-0.107216386554622,0.109040297937357,7.67894067700011e-05,6.25963733394788e-05,9.13138814703843e-05,0.000400137783824431,0.000355643352435723,0.000439347525899973
1700,30,21252.4,20714.3666666667,21759.0333333333,14790.8,14474.5,15108.9,5164.13333333333,5143.93333333333,5184.6,5550.33333333333,5528.8,5569.03333333333,4.16666666666667,2.93333333333333,5.5,19.4666666666667,14.5666666666667,24.7666666666667,8,5.86666666666667,10.0666666666667,0.00223208702018972,-0.00367266866822967,0.00794825906064214,0.000199688065629971,-0.00443161195860177,0.00533575696665986,-0.0774876512376512,-0.17261211011211,0.0164581578552166,8.09155958156906e-05,6.53714339125654e-05,9.77598627819469e-05,0.000351809312491273,0.000312138910644278,0.000392748825988792
1710,30,21447.4666666667,20959.7,21926.7666666667,14600.8,14115.2,15079.3333333333,5160.6,5140.96666666667,5179.73333333333,5543.13333333333,5527.06666666667,5559.56666666667,3.33333333333333,2.2,4.6,19.7333333333333,14.3333333333333,25.2,8.1,5.96666666666667,10.2,-0.000543767373083699,-0.0066142085442269,0.00499851840103925,-0.00120967986579134,-0.00560057759255123,0.0034168324973411,0.133518292165351,0.00869094304388427,0.272828749681691,6.45005585430721e-05,4.97349679437122e-05,7.95359127147464e-05,0.00035740360097298,0.000316118920117779,0.000402879683740101
1720,30,20816.9666666667,20254.5333333333,21361.1666666667,15100.9333333333,14679.4,15535.4666666667,5174.4,5155.9,5193.23333333333,5555.36666666667,5535.36666666667,5575.83333333333,3.46666666666667,2.43333333333333,4.5,20.2333333333333,14.5,26.6333333333333,8.43333333333333,6.43333333333333,10.5666666666667,0.00276827658567032,-0.00217333169376845,0.00721514151589373,0.00226835024253742,-0.00197411780756292,0.00658190424243834,0.162229960056047,-0.0117195767195767,0.403518518518519,6.70350424486677e-05,5.42147732619266e-05,7.99790889294042e-05,0.000367017621836835,0.000325441465743907,0.000405861322993788
1730,30,20851.4666666667,20312.4666666667,21408.0666666667,14601.3,14088.8666666667,15113,5167.53333333333,5144.56666666667,5192.3,5549.83333333333,5530.1,5567.4,3.5,2.63333333333333,4.4,21.2666666666667,15.3666666666667,27.0333333333333,7.9,6.06666666666667,9.8,-0.00123105223448371,-0.0069168632106458,0.00431887163246314,-0.000928522077328107,-0.0047249780065168,0.00290174378238216,0.0624366336278101,-0.098899303311068,0.240303400847519,6.76418698791382e-05,5.46744144345933e-05,8.11566653616699e-05,0.000385412724107596,0.000338455788945924,0.00043343494509
1740,30,20843.4666666667,20344.1666666667,21326.1,14853.8666666667,14430.8333333333,15281.8666666667,5172.6,5150.03333333333,5195.63333333333,5554.16666666667,5538.7,5569.86666666667,3.66666666666667,2.66666666666667,4.7,19.7,14.9333333333333,25.0666666666667,7.93333333333333,6.16666666666667,9.8,0.00114756758403707,-0.00564397112104352,0.00766098816581519,0.000852959781371258,-0.00328726741051412,0.00495249189057992,0.039482091982092,-0.0488227513227513,0.143835978835979,7.11706105710033e-05,5.63206805695497e-05,8.59841189915183e-05,0.000356595613364297,0.000320258691138274,0.000394009949699028
1750,30,21228.0666666667,20755.7,21715.2666666667,14780.9,14305.7333333333,15258.2333333333,5151.2,5131.73333333333,5170.5,5534.06666666667,5515.5,5551.3,3.7,2.73333333333333,4.73333333333333,19.2666666666667,14.1,24.9666666666667,7.66666666666667,5.96666666666667,9.46666666666667,-0.00393950175554531,-0.0106759029759192,0.00294264052691313,-0.0035610936107959,-0.00736830165348963,0.000710008628695292,-0.0237342287342288,-0.101578144078144,0.0535078347578347,7.17137344883148e-05,5.80932365183759e-05,8.60628587123436e-05,0.000347870403117768,0.000307140333728916,0.000390559300124849
1760,30,21676.3,21135.3666666667,22249.7,15203.5,14734.6,15614.8,5161.66666666667,5139.1,5188.26666666667,5547.1,5528.5,5567.13333333333,3.4,2.43333333333333,4.4,19.9,15.3666666666667,24.8,7.56666666666667,5.76666666666667,9.66666666666667,0.00210544671484865,-0.00276322964610154,0.00725085594164957,0.00244267723601539,-0.00237764711619757,0.00758640941684398,0.0123508898508899,-0.0718386243386243,0.112619047619048,6.61585929049485e-05,5.24838720396103e-05,8.03710046574078e-05,0.000360494804219921,0.00032377217916544,0.000397873161545124
1770,30,21713,20960.1333333333,22484.8,14806.9666666667,14400.1,15202.2333333333,5130.8,5111.16666666667,5150,5556.16666666667,5539,5573.66666666667,3.83333333333333,2.63333333333333,5.13333333333333,19.1,14.2333333333333,24.6333333333333,7.16666666666667,5.53333333333333,8.86666666666667,-0.0058363803757217,-0.0115730472985694,-0.000105424716431475,0.00171553975374197,-0.00258842496981898,0.00614740765039019,0.0100859788359789,-0.10952380952381,0.148730158730159,7.42400261521755e-05,6.00743584079157e-05,8.95245685519724e-05,0.000346086228169257,0.000309530790377953,0.000386617792804435
1780,30,22086.8666666667,21618.5666666667,22531.7666666667,14400.2666666667,14013.1333333333,14779.3,5149.86666666667,5130.43333333333,5167.8,5557.96666666667,5540.96666666667,5574.03333333333,3.76666666666667,2.8,4.93333333333333,16.6666666666667,11.8333333333333,21.4666666666667,7.16666666666667,5.36666666666667,9.1,0.00387221097865055,-0.00269007474198545,0.0096235035070118,0.000409257728576459,-0.00432207074740463,0.00463531104565108,-0.0295162979721802,-0.0978431372549018,0.0439493104934282,7.34322464364699e-05,5.71296946284224e-05,9.00869107259453e-05,0.000301288609202826,0.000263757011929995,0.000338038071864627
1790,30,21395.4666666667,20930.1,21805.7333333333,14705.9333333333,14245.0333333333,15149.5,5170.33333333333,5152.2,5187.26666666667,5552.4,5538.7,5565.83333333333,2.93333333333333,2.06666666666667,3.9,17.5,12.3333333333333,23.3333333333333,7.53333333333333,5.4,9.9,0.00408174767003119,-0.000647200877736384,0.00908024990514338,-0.000957608888798617,-0.00388360167129966,0.00192390399405968,0.0575532800532801,-0.0311219336219336,0.148650793650794,5.70627905492753e-05,4.47506819251059e-05,6.94993189921849e-05,0.000316455216342315,0.000278333057873372,0.000356919331191346
1800,30,21000.5666666667,20467.6,21464.4666666667,14948.5,14454.7666666667,15440.3666666667,5173.3,5148.93333333333,5198.26666666667,5538.56666666667,5520.1,5558.2,2.96666666666667,1.9,4.03333333333333,19.8666666666667,13.7666666666667,26.3,7.46666666666667,5.7,9.5,0.000691555407183817,-0.00589370309806013,0.006344778940244,-0.00247299568979637,-0.00548435260332,0.000674450281051903,0.0277353081700908,-0.0705486542443064,0.121209587513935,5.74765411557712e-05,4.5199557694946e-05,7.17255609172673e-05,0.000359368616716019,0.000316204483281428,0.000405969899559489
1810,30,21098.1333333333,20520.2666666667,21672.1666666667,14956.2666666667,14546.3,15334.9666666667,5151.56666666667,5135.43333333333,5166.83333333333,5566.56666666667,5553.76666666667,5579.46666666667,3.93333333333333,2.6,5.46666666666667,18.9333333333333,14,23.8,7.33333333333333,5.33333333333333,9.4,-0.00399803354893274,-0.010101148772071,0.00244638374249337,0.00512980399654842,0.00148701941691446,0.00866280837242846,0.049726800976801,-0.0935470085470085,0.236444342694343,7.61506427476244e-05,6.07409143969446e-05,9.34146559267434e-05,0.000343728718180162,0.000307376633722438,0.000381212937517723
1820,30,21233.0666666667,20678.2333333333,21777.3,14874.1666666667,14477.7,15211.5,5158.3,5141.16666666667,5175.13333333333,5536.93333333333,5514.1,5559.63333333333,3.13333333333333,2.16666666666667,4.2,19.0333333333333,13.4,24.9,7.06666666666667,5.36666666666667,8.9,0.00134135239784702,-0.00181452562642129,0.0048614287482139,-0.00529241612647137,-0.00977668100731542,-0.000950959037018099,0.0216585865115277,-0.0606240437122789,0.124291231644173,6.09162791253056e-05,4.7353860435718e-05,7.37856435554032e-05,0.000343300190906893,0.000298200547856326,0.000386042700454723
1830,30,21500.2,21037.9,21958.1666666667,14989.5666666667,14421.8,15488.5333333333,5175.66666666667,5157.26666666667,5194.9,5534.6,5518.53333333333,5550.76666666667,3.03333333333333,2.13333333333333,4.03333333333333,17.3666666666667,13.0666666666667,22.5,6.96666666666667,5.23333333333333,8.93333333333333,0.00347691169346437,-0.00211673336041526,0.00883779924904855,-0.000336729063443022,-0.00392207428618514,0.00332176270883839,0.0224623524623525,-0.0746540496540496,0.134631664631665,5.89249263940576e-05,4.72749792845879e-05,7.11257574790273e-05,0.000315349706546128,0.000280400654897668,0.000352798224932639
1840,30,20819.4333333333,20356.6666666667,21281.5333333333,15361.5333333333,14806.3666666667,15835.3,5145.36666666667,5118.5,5170.36666666667,5549.96666666667,5533.53333333333,5567.63333333333,3.5,2.33333333333333,5,16.8666666666667,12.4,22.1333333333333,6.7,5.06666666666667,8.43333333333333,-0.00572098215621804,-0.012408557103927,0.00106495013982836,0.00282008866099252,-0.000834964840043889,0.00594188535541164,-0.00828424299012528,-0.0818879268879268,0.0725733525733526,6.79813826269078e-05,5.23884745943858e-05,8.29892211600676e-05,0.000306637631759445,0.000269672899596013,0.000343411190184225
1850,30,21556.1333333333,20852.1666666667,22238.5333333333,14805.6333333333,14353.0333333333,15236.2333333333,5165.56666666667,5146.33333333333,5185.2,5561.53333333333,5546.16666666667,5577.3,2.93333333333333,1.96666666666667,4.1,16.2666666666667,12.3666666666667,20.1666666666667,6.96666666666667,5.23333333333333,8.8,0.00407554848614,-0.00100565800129527,0.00970823626610338,0.00214976664135354,-0.00186552591524846,0.00622943535066284,0.107735796338738,0.00217974563562802,0.23151104886399,5.71442505022214e-05,4.47810118685202e-05,7.0239252930213e-05,0.000294511510790489,0.000262439541407903,0.000328937664007204
1860,30,21140.2,20611.4333333333,21651.3333333333,14447.5666666667,14029.1,14869.2,5163,5142.86666666667,5182.03333333333,5564.33333333333,5544.4,5584.56666666667,3.03333333333333,2.13333333333333,4.03333333333333,18.2666666666667,13.4666666666667,22.8666666666667,6.96666666666667,5.3,8.6,-0.000373179590894368,-0.00581657007296868,0.00551002771089702,0.000565503609376894,-0.00463791221067002,0.00498612252704805,0.0867754794225382,-0.011937441643324,0.188888888888889,5.88109809483802e-05,4.64394383760822e-05,7.16931939303034e-05,0.000329646201096233,0.000293637030599407,0.0003673800526206
1870,30,21016.8333333333,20482.5666666667,21619.7666666667,14765,14277.6666666667,15213.8,5167.43333333333,5151,5183.96666666667,5551.26666666667,5531.56666666667,5572.63333333333,3.13333333333333,2.33333333333333,4.03333333333333,17.1333333333333,13.1666666666667,21.0333333333333,6.63333333333333,5.16666666666667,8.23333333333333,0.000989359244534638,-0.00449436953774066,0.00656611824607126,-0.00226402456580368,-0.00741605104790182,0.00197197928573153,-0.0192953805453806,-0.137384004884005,0.120056471306471,6.06238709104262e-05,4.83938867114886e-05,7.48771554276618e-05,0.000309808068419995,0.000276991402089911,0.000343922840813295
1880,30,21023.5666666667,20510.5666666667,21493.6333333333,14740.2,14232.6666666667,15279.2,5173.83333333333,5155.3,5192.66666666667,5541.93333333333,5523.43333333333,5559.6,3.03333333333333,2.16666666666667,4,16.1333333333333,12.1666666666667,20.3,6.76666666666667,5.26666666666667,8.46666666666667,0.00132790575924566,-0.00372835468305001,0.00664319070654334,-0.00159849453139729,-0.00609821369289612,0.00256999856420609,0.0574909023438435,-0.0492276568747157,0.171370753429577,5.86955089464415e-05,4.64334758457877e-05,7.10022915489382e-05,0.000291880447177777,0.000259988425117364,0.000325924795667402
1890,30,20793.4666666667,20318.8666666667,21233.0333333333,14959.5333333333,14517.8333333333,15344.8666666667,5164.96666666667,5148.63333333333,5180.1,5536.13333333333,5522.06666666667,5550,3.2,2.43333333333333,4.1,16.8,12.5,21.2,6.5,5.06666666666667,8,-0.00159927798293287,-0.00666854727452414,0.00345669329050091,-0.00098259761356908,-0.00452262219276313,0.00239465323997509,0.0240740740740741,-0.0803703703703704,0.155555555555556,6.18744679140181e-05,4.82304338930641e-05,7.66650062745545e-05,0.0003045162325745,0.000273938138418175,0.000339849449331291
1900,30,20787.3,20380.7666666667,21177.0666666667,14679.5333333333,14252.5333333333,15128.3,5169.93333333333,5148.5,5190.83333333333,5572.7,5549.56666666667,5589.1,3.23333333333333,2.26666666666667,4.23333333333333,15.7666666666667,12.3333333333333,19.4666666666667,6.13333333333333,4.8,7.46666666666667,0.00106264347422733,-0.00477182540062728,0.00676335710426844,0.00665193330967936,0.00230006113382492,0.0103485511104604,-0.0300641025641025,-0.117008547008547,0.0730179080179081,6.25549630834503e-05,5.03085051338561e-05,7.48780022707441e-05,0.000285380146556245,0.000252254435933431,0.000315770479057561
1910,30,21182.1333333333,20562.1666666667,21817.6666666667,14356.6,13991.6333333333,14777.4,5153.93333333333,5135.93333333333,5171.33333333333,5568.03333333333,5550.76666666667,5584.76666666667,2.66666666666667,1.9,3.43333333333333,15.9333333333333,12.3666666666667,19.7,6.36666666666667,4.9,7.86666666666667,-0.0029784814126418,-0.00777898656357716,0.00195671699757169,-0.000755750892739922,-0.0049780320009092,0.00368494787039965,0.0725691900691901,-0.0198870573870574,0.182063492063492,5.13706686148796e-05,3.98441495232428e-05,6.23055140980083e-05,0.00028585629251,0.00025524547606312,0.000317873093082826
1920,30,20947.2666666667,20410.9666666667,21484.2333333333,14526.1666666667,14164.5333333333,14881.2333333333,5178.8,5156.43333333333,5200.73333333333,5539.13333333333,5522.76666666667,5557.93333333333,3.06666666666667,2.13333333333333,4.06666666666667,16.4,11.6666666666667,21.0333333333333,6.5,5.03333333333333,8.23333333333333,0.00494008049793059,-0.000491530029787127,0.0107460470477252,-0.00513388859650915,-0.00879025984410753,-0.00134984468337447,0.0634039571539572,-0.0544450456950456,0.181926961926962,5.95222309572612e-05,4.59491905656761e-05,7.31803734301322e-05,0.000294911415955773,0.000263722115778995,0.000329147788906429
1930,30,20988.4333333333,20412.9333333333,21547.6333333333,14864.3,14440.5333333333,15314,5173.53333333333,5155.9,5191.83333333333,5540.36666666667,5523.9,5558.46666666667,2.93333333333333,2,3.9,17.1666666666667,13.0666666666667,21.9666666666667,6.36666666666667,4.9,7.76666666666667,-0.00088832242337221,-0.0066363725723677,0.00479869035369298,0.00027529653598922,-0.00322289205564329,0.00406096494041454,0.0553918031859209,-0.0573136123136122,0.172608225108225,5.65954382421523e-05,4.43911044361322e-05,7.07246499208532e-05,0.000311414066195496,0.000274565982005719,0.000345741552427392
1940,30,21074.7666666667,20522.5666666667,21615.5333333333,14772.9666666667,14413.2666666667,15133.4333333333,5163.26666666667,5148.13333333333,5178.5,5557.7,5537.16666666667,5577.4,2.76666666666667,2,3.6,15.6333333333333,12.2,19.7,6.06666666666667,4.73333333333333,7.46666666666667,-0.00187104163230888,-0.00682271679673744,0.00279759749026723,0.00323268308743699,-0.00254243144289752,0.00838599890603916,-0.0257295482295482,-0.113055555555556,0.0763827838827839,5.34239014829732e-05,4.11597441243256e-05,6.44089467119347e-05,0.000282951511331817,0.000254561132266043,0.000313025142572604
1950,30,21088.1333333333,20639.2,21533.8666666667,14468.2666666667,14052.5,14909.3333333333,5162.6,5146.36666666667,5177.8,5569.3,5555.36666666667,5585.16666666667,2.8,1.86666666666667,3.86666666666667,15.6,12.3333333333333,19.1666666666667,5.86666666666667,4.56666666666667,7.33333333333333,-8.50554392776788e-05,-0.00356264273850846,0.00352626178278398,0.00217934979217926,-0.00223630724251305,0.0059785674296722,0.00258936053053701,-0.091978021978022,0.109497354497355,5.43041316318748e-05,4.26842728171698e-05,6.73261154218778e-05,0.000281403079279263,0.000249413800275121,0.000312016959313909
1960,30,21204.2333333333,20638.5,21767.4,14346.3,13975.3666666667,14764.3666666667,5152.26666666667,5130.7,5168.66666666667,5569.16666666667,5548.23333333333,5585.66666666667,2.26666666666667,1.56666666666667,2.96666666666667,14.7666666666667,11.2,18.5,6.16666666666667,4.76666666666667,7.56666666666667,-0.00193069744158447,-0.00703912301323973,0.00282566927224769,4.74084599083864e-05,-0.00465302069525624,0.00476735857538846,0.111101953601954,-0.0425396825396825,0.269523809523809,4.40101624398014e-05,3.3624882943405e-05,5.50763388440546e-05,0.000265761570312796,0.000236854895932465,0.000292505960580815
1970,30,21258.3,20752.2,21792.5666666667,14429.0666666667,14001.6666666667,14881.9666666667,5184.03333333333,5160.66666666667,5206,5557.4,5536.16666666667,5576.93333333333,3.1,2.1,4.03333333333333,15.2666666666667,11.2666666666667,19.6666666666667,6.23333333333333,4.8,7.76666666666667,0.00629580483071227,-1.72045306860567e-05,0.0130052745156412,-0.00206890765110308,-0.00554229395011677,0.00154980310885697,0.0510113035113036,-0.0884920634920634,0.191367243867244,6.0283124949306e-05,4.84611804587743e-05,7.27463430160638e-05,0.000274517376485084,0.000239494793754699,0.000308519530384855
1980,30,20742.4,20267.4333333333,21181.1666666667,14884.3333333333,14353.3333333333,15383.0666666667,5155.46666666667,5135.83333333333,5172.93333333333,5544.8,5528.03333333333,5562.16666666667,2.93333333333333,2.06666666666667,3.93333333333333,16,11.7666666666667,20.3,5.83333333333333,4.53333333333333,7.36666666666667,-0.00534803112023921,-0.0112865671563414,0.000565472310924259,-0.00216963223616556,-0.00662652716312973,0.00250195781668378,-0.0331857956857956,-0.155804843304843,0.104298941798942,5.65858540570053e-05,4.30941965018698e-05,6.95143403877639e-05,0.000288261071315895,0.000257555814875045,0.000321898686753482
1990,30,21176.6333333333,20676.9333333333,21631.9,15022.7666666667,14637.7,15392.0333333333,5164.3,5142.5,5185.93333333333,5541.16666666667,5522.43333333333,5559.7,2.2,1.5,2.93333333333333,15.5666666666667,11.6333333333333,19.4,6,4.6,7.43333333333333,0.00185886608412235,-0.0043848756078775,0.00824723617734664,-0.000586367017130796,-0.00487956422987715,0.00364306958716852,0.0681770081770082,-0.0303294853294853,0.186298701298701,4.27844496534042e-05,3.24409386053095e-05,5.38117979429726e-05,0.000281523176032709,0.000252068278972718,0.000313829494665061
2000,30,21180.6333333333,20612.3,21723.9333333333,14813.5333333333,14382.8,15178.3666666667,5152.26666666667,5131.46666666667,5172.1,5552.63333333333,5536.76666666667,5571.03333333333,2.46666666666667,1.7,3.13333333333333,13.4,10.0333333333333,16.7,5.86666666666667,4.4,7.36666666666667,-0.00217778753577159,-0.00841007561797005,0.0037322635836894,0.00217109401221664,-0.00265942214281392,0.00719116079381301,0.0121428571428572,-0.0991798941798941,0.129761904761905,4.77549687482631e-05,3.74065037937682e-05,5.92129759741439e-05,0.000242072008812353,0.000213695149861244,0.000271603020580242
